-2.500000000000000139e-02 1.000000000000000021e-03 6.532076495038888458e-05 1.924350975230332272e+00
-3.200000000000000067e-02 1.000000000000000021e-03 7.603757633251449917e-05 9.908228099003786316e-01
-3.900000000000000688e-02 1.000000000000000021e-03 9.744678456587383135e-05 7.376797602527730424e-01
-4.600000000000000616e-02 1.000000000000000021e-03 1.288126962397067156e-04 6.604193962330305867e-01
-5.300000000000000544e-02 1.000000000000000021e-03 1.728873100118816578e-04 6.365079081295578201e-01
-6.000000000000000472e-02 1.000000000000000021e-03 2.341900438781270219e-04 6.134621717992506662e-01
-6.700000000000000400e-02 1.000000000000000021e-03 3.190619298899357095e-04 5.912508413831881748e-01
-7.400000000000001021e-02 1.000000000000000021e-03 4.361378058271714992e-04 5.698437059469135813e-01
-8.100000000000001643e-02 1.000000000000000021e-03 5.972608729603166204e-04 5.698437059469135813e-01
-8.800000000000002265e-02 1.000000000000000021e-03 8.178896072623545802e-04 5.492116483887790057e-01
-9.500000000000000111e-02 1.000000000000000021e-03 1.118312814980394580e-03 5.492116483887790057e-01
-1.020000000000000073e-01 1.000000000000000021e-03 1.523737307735219737e-03 5.293266058360567294e-01
-1.090000000000000135e-01 1.000000000000000021e-03 2.064683901396643841e-03 5.293266058360567294e-01
-1.160000000000000198e-01 1.000000000000000021e-03 2.776584356906103539e-03 5.101615314749834429e-01
-1.230000000000000260e-01 1.000000000000000021e-03 3.696251742914852690e-03 4.916903577628031208e-01
-1.300000000000000044e-01 1.000000000000000021e-03 4.859695109853516722e-03 4.738879609717651098e-01
-1.370000000000000107e-01 1.000000000000000021e-03 6.296306839821653838e-03 4.567301270168747096e-01
-1.440000000000000169e-01 1.000000000000000021e-03 8.022968529688652428e-03 4.567301270168747096e-01
-1.510000000000000231e-01 1.000000000000000021e-03 1.003638835117208992e-02 4.401935185208878942e-01
-1.580000000000000016e-01 1.000000000000000021e-03 1.231033881588242118e-02 4.242556430717777660e-01
-1.650000000000000078e-01 1.000000000000000021e-03 1.479473967620682610e-02 4.088948226294863986e-01
-1.720000000000000140e-01 1.000000000000000021e-03 1.741920017061773795e-02 3.940901640403447481e-01
-1.790000000000000202e-01 1.000000000000000021e-03 2.010048584083197823e-02 3.798215306190735885e-01
-1.860000000000000264e-01 1.000000000000000021e-03 2.275210141699727726e-02 3.660695147596898513e-01
-1.930000000000000326e-01 1.000000000000000021e-03 2.529375668819534850e-02 3.528154115380883193e-01
-2.000000000000000111e-01 1.000000000000000021e-03 2.765874069052896150e-02 3.400411932703709117e-01
-2.500000000000000139e-02 1.202264434617413003e-03 7.668828288749356278e-05 1.854676923084699336e+00
-3.200000000000000067e-02 1.202264434617413003e-03 8.635392956560155393e-05 1.380829765218092309e+00
-3.900000000000000688e-02 1.202264434617413003e-03 1.059523817082206324e-04 7.941451719029338774e-01
-4.600000000000000616e-02 1.202264434617413003e-03 1.367065537074888513e-04 6.852291595284057957e-01
-5.300000000000000544e-02 1.202264434617413003e-03 1.803751531790378745e-04 6.365079081295578201e-01
-6.000000000000000472e-02 1.202264434617413003e-03 2.413282109470351667e-04 6.134621717992506662e-01
-6.700000000000000400e-02 1.202264434617413003e-03 3.258419825129819968e-04 5.912508413831881748e-01
-7.400000000000001021e-02 1.202264434617413003e-03 4.425552759077440467e-04 5.912508413831881748e-01
-8.100000000000001643e-02 1.202264434617413003e-03 6.033628350550596878e-04 5.698437059469135813e-01
-8.800000000000002265e-02 1.202264434617413003e-03 8.235762405522315801e-04 5.492116483887790057e-01
-9.500000000000000111e-02 1.202264434617413003e-03 1.123628549500789702e-03 5.492116483887790057e-01
-1.020000000000000073e-01 1.202264434617413003e-03 1.528570640054476579e-03 5.293266058360567294e-01
-1.090000000000000135e-01 1.202264434617413003e-03 2.069060625814212687e-03 5.293266058360567294e-01
-1.160000000000000198e-01 1.202264434617413003e-03 2.780390983210057412e-03 5.101615314749834429e-01
-1.230000000000000260e-01 1.202264434617413003e-03 3.699444839221181780e-03 4.916903577628031208e-01
-1.300000000000000044e-01 1.202264434617413003e-03 4.862234942420141058e-03 4.738879609717651098e-01
-1.370000000000000107e-01 1.202264434617413003e-03 6.298161688077639174e-03 4.567301270168747096e-01
-1.440000000000000169e-01 1.202264434617413003e-03 8.024171256594438487e-03 4.567301270168747096e-01
-1.510000000000000231e-01 1.202264434617413003e-03 1.003688929271330521e-02 4.401935185208878942e-01
-1.580000000000000016e-01 1.202264434617413003e-03 1.231016321838179425e-02 4.242556430717777660e-01
-1.650000000000000078e-01 1.202264434617413003e-03 1.479393427084297816e-02 4.088948226294863986e-01
-1.720000000000000140e-01 1.202264434617413003e-03 1.741783266306108635e-02 3.940901640403447481e-01
-1.790000000000000202e-01 1.202264434617413003e-03 2.009863675257574783e-02 3.798215306190735885e-01
-1.860000000000000264e-01 1.202264434617413003e-03 2.274985898461118899e-02 3.660695147596898513e-01
-1.930000000000000326e-01 1.202264434617413003e-03 2.529120933555542572e-02 3.528154115380883193e-01
-2.000000000000000111e-01 1.202264434617413003e-03 2.765597292763135109e-02 3.400411932703709117e-01
-2.500000000000000139e-02 1.445439770745927987e-03 9.039920177078352532e-05 1.787525525904235524e+00
-3.200000000000000067e-02 1.445439770745927987e-03 9.983040228606193645e-05 1.542368646296628842e+00
-3.900000000000000688e-02 1.445439770745927987e-03 1.170508241965800974e-04 9.203731996618229605e-01
-4.600000000000000616e-02 1.445439770745927987e-03 1.467077343326955523e-04 7.376797602527730424e-01
-5.300000000000000544e-02 1.445439770745927987e-03 1.897507060434431160e-04 6.604193962330305867e-01
-6.000000000000000472e-02 1.445439770745927987e-03 2.501689158973191898e-04 6.365079081295578201e-01
-6.700000000000000400e-02 1.445439770745927987e-03 3.342161419053587472e-04 5.912508413831881748e-01
-7.400000000000001021e-02 1.445439770745927987e-03 4.505608175520426349e-04 5.912508413831881748e-01
-8.100000000000001643e-02 1.445439770745927987e-03 6.108696278132300008e-04 5.698437059469135813e-01
-8.800000000000002265e-02 1.445439770745927987e-03 8.305612447329189943e-04 5.492116483887790057e-01
-9.500000000000000111e-02 1.445439770745927987e-03 1.130148061855695569e-03 5.492116483887790057e-01
-1.020000000000000073e-01 1.445439770745927987e-03 1.534491300776661413e-03 5.293266058360567294e-01
-1.090000000000000135e-01 1.445439770745927987e-03 2.074417516871767449e-03 5.293266058360567294e-01
-1.160000000000000198e-01 1.445439770745927987e-03 2.785047908742267764e-03 5.101615314749834429e-01
-1.230000000000000260e-01 1.445439770745927987e-03 3.703350859345709827e-03 4.916903577628031208e-01
-1.300000000000000044e-01 1.445439770745927987e-03 4.865343693854961606e-03 4.738879609717651098e-01
-1.370000000000000107e-01 1.445439770745927987e-03 6.300452236472557470e-03 4.738879609717651098e-01
-1.440000000000000169e-01 1.445439770745927987e-03 8.025656558426240081e-03 4.567301270168747096e-01
-1.510000000000000231e-01 1.445439770745927987e-03 1.003752401279733864e-02 4.401935185208878942e-01
-1.580000000000000016e-01 1.445439770745927987e-03 1.230997898934574342e-02 4.242556430717777660e-01
-1.650000000000000078e-01 1.445439770745927987e-03 1.479298940354587324e-02 4.088948226294863986e-01
-1.720000000000000140e-01 1.445439770745927987e-03 1.741620771781326668e-02 3.940901640403447481e-01
-1.790000000000000202e-01 1.445439770745927987e-03 2.009642989469470273e-02 3.798215306190735885e-01
-1.860000000000000264e-01 1.445439770745927987e-03 2.274717676410367012e-02 3.660695147596898513e-01
-1.930000000000000326e-01 1.445439770745927987e-03 2.528815893462149980e-02 3.528154115380883193e-01
-2.000000000000000111e-01 1.445439770745927987e-03 2.765265552255270765e-02 3.400411932703709117e-01
-2.500000000000000139e-02 1.737800828749376265e-03 1.069087917514329031e-04 1.722805447131394052e+00
-3.200000000000000067e-02 1.737800828749376265e-03 1.163861010094091228e-04 1.542368646296628842e+00
-3.900000000000000688e-02 1.737800828749376265e-03 1.319301820167856419e-04 1.148312414543511073e+00
-4.600000000000000616e-02 1.737800828749376265e-03 1.595789516222648576e-04 7.941451719029338774e-01
-5.300000000000000544e-02 1.737800828749376265e-03 2.015966494422081134e-04 6.852291595284057957e-01
-6.000000000000000472e-02 1.737800828749376265e-03 2.613058553819799616e-04 6.365079081295578201e-01
-6.700000000000000400e-02 1.737800828749376265e-03 3.447373709329683853e-04 6.134621717992506662e-01
-7.400000000000001021e-02 1.737800828749376265e-03 4.604621841458563024e-04 5.912508413831881748e-01
-8.100000000000001643e-02 1.737800828749376265e-03 6.201344101265446459e-04 5.698437059469135813e-01
-8.800000000000002265e-02 1.737800828749376265e-03 8.392771079435322945e-04 5.698437059469135813e-01
-9.500000000000000111e-02 1.737800828749376265e-03 1.138166881837562091e-03 5.492116483887790057e-01
-1.020000000000000073e-01 1.737800828749376265e-03 1.541763831411290973e-03 5.293266058360567294e-01
-1.090000000000000135e-01 1.737800828749376265e-03 2.080989976834059056e-03 5.293266058360567294e-01
-1.160000000000000198e-01 1.737800828749376265e-03 2.790758620226793923e-03 5.101615314749834429e-01
-1.230000000000000260e-01 1.737800828749376265e-03 3.708141609035759192e-03 4.916903577628031208e-01
-1.300000000000000044e-01 1.737800828749376265e-03 4.869160849710771344e-03 4.738879609717651098e-01
-1.370000000000000107e-01 1.737800828749376265e-03 6.303333357757952976e-03 4.738879609717651098e-01
-1.440000000000000169e-01 1.737800828749376265e-03 8.027498151380048352e-03 4.567301270168747096e-01
-1.510000000000000231e-01 1.737800828749376265e-03 1.003833387981225601e-02 4.401935185208878942e-01
-1.580000000000000016e-01 1.737800828749376265e-03 1.230979632070279203e-02 4.242556430717777660e-01
-1.650000000000000078e-01 1.737800828749376265e-03 1.479188534074107365e-02 4.088948226294863986e-01
-1.720000000000000140e-01 1.737800828749376265e-03 1.741428138969834671e-02 3.940901640403447481e-01
-1.790000000000000202e-01 1.737800828749376265e-03 2.009379955612734803e-02 3.798215306190735885e-01
-1.860000000000000264e-01 1.737800828749376265e-03 2.274397120981232895e-02 3.660695147596898513e-01
-1.930000000000000326e-01 1.737800828749376265e-03 2.528450830969243557e-02 3.528154115380883193e-01
-2.000000000000000111e-01 1.737800828749376265e-03 2.764868158521142927e-02 3.400411932703709117e-01
-2.500000000000000139e-02 2.089296130854038577e-03 1.267336081888338975e-04 1.600310313738700030e+00
-3.200000000000000067e-02 2.089296130854038577e-03 1.364229722000501763e-04 1.486524844997857198e+00
-3.900000000000000688e-02 2.089296130854038577e-03 1.513484023373167712e-04 1.282649830528061141e+00
-4.600000000000000616e-02 2.089296130854038577e-03 1.764188591763635899e-04 8.870496889654402306e-01
-5.300000000000000544e-02 2.089296130854038577e-03 2.167367318274098496e-04 7.376797602527730424e-01
-6.000000000000000472e-02 2.089296130854038577e-03 2.753379394763157627e-04 6.604193962330305867e-01
-6.700000000000000400e-02 2.089296130854038577e-03 3.578366123065424313e-04 6.134621717992506662e-01
-7.400000000000001021e-02 2.089296130854038577e-03 4.727535012802701873e-04 5.912508413831881748e-01
-8.100000000000001643e-02 2.089296130854038577e-03 6.316076355775344627e-04 5.698437059469135813e-01
-8.800000000000002265e-02 2.089296130854038577e-03 8.500563239842042320e-04 5.698437059469135813e-01
-9.500000000000000111e-02 2.089296130854038577e-03 1.148059123192099202e-03 5.492116483887790057e-01
-1.020000000000000073e-01 2.089296130854038577e-03 1.550722103045905831e-03 5.293266058360567294e-01
-1.090000000000000135e-01 2.089296130854038577e-03 2.089078309329648556e-03 5.293266058360567294e-01
-1.160000000000000198e-01 2.089296130854038577e-03 2.797782204732287940e-03 5.101615314749834429e-01
-1.230000000000000260e-01 2.089296130854038577e-03 3.714034003941916410e-03 4.916903577628031208e-01
-1.300000000000000044e-01 2.089296130854038577e-03 4.873861320503301148e-03 4.738879609717651098e-01
-1.370000000000000107e-01 2.089296130854038577e-03 6.306891583586493599e-03 4.738879609717651098e-01
-1.440000000000000169e-01 2.089296130854038577e-03 8.029791018030155159e-03 4.567301270168747096e-01
-1.510000000000000231e-01 2.089296130854038577e-03 1.003937288759625471e-02 4.401935185208878942e-01
-1.580000000000000016e-01 2.089296130854038577e-03 1.230963160083301325e-02 4.242556430717777660e-01
-1.650000000000000078e-01 2.089296130854038577e-03 1.479060433183790151e-02 4.088948226294863986e-01
-1.720000000000000140e-01 2.089296130854038577e-03 1.741200430591764367e-02 3.940901640403447481e-01
-1.790000000000000202e-01 2.089296130854038577e-03 2.009067029905115334e-02 3.798215306190735885e-01
-1.860000000000000264e-01 2.089296130854038577e-03 2.274014587602198392e-02 3.660695147596898513e-01
-1.930000000000000326e-01 2.089296130854038577e-03 2.528014305003801684e-02 3.528154115380883193e-01
-2.000000000000000111e-01 2.089296130854038577e-03 2.764392489497515676e-02 3.400411932703709117e-01
-2.500000000000000139e-02 2.511886431509579437e-03 1.505280511339222708e-04 1.486524844997857198e+00
-3.200000000000000067e-02 2.511886431509579437e-03 1.605480863050377642e-04 1.432702953409831004e+00
-3.900000000000000688e-02 2.511886431509579437e-03 1.754107159528166748e-04 1.282649830528061141e+00
-4.600000000000000616e-02 2.511886431509579437e-03 1.986160523587612988e-04 1.028044732093309710e+00
-5.300000000000000544e-02 2.511886431509579437e-03 2.363535979838359154e-04 7.941451719029338774e-01
-6.000000000000000472e-02 2.511886431509579437e-03 2.932082212131966207e-04 6.852291595284057957e-01
-6.700000000000000400e-02 2.511886431509579437e-03 3.744353015219248348e-04 6.365079081295578201e-01
-7.400000000000001021e-02 2.511886431509579437e-03 4.882116970460891481e-04 6.134621717992506662e-01
-8.100000000000001643e-02 2.511886431509579437e-03 6.460567673729865476e-04 5.912508413831881748e-01
-8.800000000000002265e-02 2.511886431509579437e-03 8.634248444964956340e-04 5.698437059469135813e-01
-9.500000000000000111e-02 2.511886431509579437e-03 1.160302007678983742e-03 5.492116483887790057e-01
-1.020000000000000073e-01 2.511886431509579437e-03 1.561849828057963480e-03 5.492116483887790057e-01
-1.090000000000000135e-01 2.511886431509579437e-03 2.099061122599240378e-03 5.293266058360567294e-01
-1.160000000000000198e-01 2.511886431509579437e-03 2.806445213781318029e-03 5.101615314749834429e-01
-1.230000000000000260e-01 2.511886431509579437e-03 3.721303060055147945e-03 4.916903577628031208e-01
-1.300000000000000044e-01 2.511886431509579437e-03 4.879668698301580822e-03 4.738879609717651098e-01
-1.370000000000000107e-01 2.511886431509579437e-03 6.311301937146586959e-03 4.738879609717651098e-01
-1.440000000000000169e-01 2.511886431509579437e-03 8.032658496268477513e-03 4.567301270168747096e-01
-1.510000000000000231e-01 2.511886431509579437e-03 1.004071523785963864e-02 4.401935185208878942e-01
-1.580000000000000016e-01 2.511886431509579437e-03 1.230951126861652006e-02 4.242556430717777660e-01
-1.650000000000000078e-01 2.511886431509579437e-03 1.478912917527053575e-02 4.088948226294863986e-01
-1.720000000000000140e-01 2.511886431509579437e-03 1.740932134997796865e-02 3.940901640403447481e-01
-1.790000000000000202e-01 2.511886431509579437e-03 2.008695449879201525e-02 3.798215306190735885e-01
-1.860000000000000264e-01 2.511886431509579437e-03 2.273558610330338875e-02 3.660695147596898513e-01
-1.930000000000000326e-01 2.511886431509579437e-03 2.527492912130571354e-02 3.528154115380883193e-01
-2.000000000000000111e-01 2.511886431509579437e-03 2.763823560420663322e-02 3.400411932703709117e-01
-2.500000000000000139e-02 3.019951720402016138e-03 1.790486889140869480e-04 1.380829765218092309e+00
-3.200000000000000067e-02 3.019951720402016138e-03 1.894811923785798605e-04 1.330834724654074819e+00
-3.900000000000000688e-02 3.019951720402016138e-03 2.045659230462000251e-04 1.282649830528061141e+00
-4.600000000000000616e-02 3.019951720402016138e-03 2.269824002278443315e-04 1.106736018095973551e+00
-5.300000000000000544e-02 3.019951720402016138e-03 2.619922961918000988e-04 8.870496889654402306e-01
-6.000000000000000472e-02 3.019951720402016138e-03 3.162538649699160142e-04 7.376797602527730424e-01
-6.700000000000000400e-02 3.019951720402016138e-03 3.955224689086359177e-04 6.604193962330305867e-01
-7.400000000000001021e-02 3.019951720402016138e-03 5.076723457081103869e-04 6.134621717992506662e-01
-8.100000000000001643e-02 3.019951720402016138e-03 6.641118345829021344e-04 5.912508413831881748e-01
-8.800000000000002265e-02 3.019951720402016138e-03 8.800678397503992108e-04 5.698437059469135813e-01
-9.500000000000000111e-02 3.019951720402016138e-03 1.175508219013702378e-03 5.492116483887790057e-01
-1.020000000000000073e-01 3.019951720402016138e-03 1.575775300736331633e-03 5.492116483887790057e-01
-1.090000000000000135e-01 3.019951720402016138e-03 2.111422787628199592e-03 5.293266058360567294e-01
-1.160000000000000198e-01 3.019951720402016138e-03 2.817166354582874635e-03 5.101615314749834429e-01
-1.230000000000000260e-01 3.019951720402016138e-03 3.730300817834754108e-03 4.916903577628031208e-01
-1.300000000000000044e-01 3.019951720402016138e-03 4.886867993150093882e-03 4.738879609717651098e-01
-1.370000000000000107e-01 3.019951720402016138e-03 6.316789952087597734e-03 4.738879609717651098e-01
-1.440000000000000169e-01 3.019951720402016138e-03 8.036261611926234782e-03 4.567301270168747096e-01
-1.510000000000000231e-01 3.019951720402016138e-03 1.004245939623117471e-02 4.401935185208878942e-01
-1.580000000000000016e-01 3.019951720402016138e-03 1.230947597856319776e-02 4.242556430717777660e-01
-1.650000000000000078e-01 3.019951720402016138e-03 1.478744771569609658e-02 4.088948226294863986e-01
-1.720000000000000140e-01 3.019951720402016138e-03 1.740617315628707751e-02 3.940901640403447481e-01
-1.790000000000000202e-01 3.019951720402016138e-03 2.008255274966843848e-02 3.798215306190735885e-01
-1.860000000000000264e-01 3.019951720402016138e-03 2.273016040424851586e-02 3.660695147596898513e-01
-1.930000000000000326e-01 3.019951720402016138e-03 2.526870923720114445e-02 3.528154115380883193e-01
-2.000000000000000111e-01 3.019951720402016138e-03 2.763143759586476553e-02 3.400411932703709117e-01
-2.500000000000000139e-02 3.630780547701014001e-03 2.131786379627996237e-04 1.236209543736769056e+00
-3.200000000000000067e-02 3.630780547701014001e-03 2.241110588320391036e-04 1.236209543736769056e+00
-3.900000000000000688e-02 3.630780547701014001e-03 2.396329044474280426e-04 1.191450698119776108e+00
-4.600000000000000616e-02 3.630780547701014001e-03 2.619211673599432071e-04 1.106736018095973551e+00
-5.300000000000000544e-02 3.630780547701014001e-03 2.951215864833888944e-04 9.549485639791966962e-01
-6.000000000000000472e-02 3.630780547701014001e-03 3.461787107244679849e-04 7.941451719029338774e-01
-6.700000000000000400e-02 3.630780547701014001e-03 4.225776410807162800e-04 7.109709432312438793e-01
-7.400000000000001021e-02 3.630780547701014001e-03 5.324789802639740173e-04 6.365079081295578201e-01
-8.100000000000001643e-02 3.630780547701014001e-03 6.868570336439525602e-04 6.134621717992506662e-01
-8.800000000000002265e-02 3.630780547701014001e-03 9.008920146021852718e-04 5.912508413831881748e-01
-9.500000000000000111e-02 3.630780547701014001e-03 1.194597871345194282e-03 5.698437059469135813e-01
-1.020000000000000073e-01 3.630780547701014001e-03 1.593106174333098254e-03 5.492116483887790057e-01
-1.090000000000000135e-01 3.630780547701014001e-03 2.126782870343217873e-03 5.293266058360567294e-01
-1.160000000000000198e-01 3.630780547701014001e-03 2.830476966142287006e-03 5.101615314749834429e-01
-1.230000000000000260e-01 3.630780547701014001e-03 3.741475235834533508e-03 4.916903577628031208e-01
-1.300000000000000044e-01 3.630780547701014001e-03 4.895829034326543323e-03 4.916903577628031208e-01
-1.370000000000000107e-01 3.630780547701014001e-03 6.323645691859956612e-03 4.738879609717651098e-01
-1.440000000000000169e-01 3.630780547701014001e-03 8.040810076625251948e-03 4.567301270168747096e-01
-1.510000000000000231e-01 3.630780547701014001e-03 1.004473845796863794e-02 4.401935185208878942e-01
-1.580000000000000016e-01 3.630780547701014001e-03 1.230958671380543053e-02 4.242556430717777660e-01
-1.650000000000000078e-01 3.630780547701014001e-03 1.478555508981120765e-02 4.088948226294863986e-01
-1.720000000000000140e-01 3.630780547701014001e-03 1.740249742007757283e-02 3.940901640403447481e-01
-1.790000000000000202e-01 3.630780547701014001e-03 2.007735317805068448e-02 3.798215306190735885e-01
-1.860000000000000264e-01 3.630780547701014001e-03 2.272371633301193544e-02 3.660695147596898513e-01
-1.930000000000000326e-01 3.630780547701014001e-03 2.526129878804846129e-02 3.528154115380883193e-01
-2.000000000000000111e-01 3.630780547701014001e-03 2.762332328706879406e-02 3.400411932703709117e-01
-2.500000000000000139e-02 4.365158322401660983e-03 2.539898418802960371e-04 1.106736018095973551e+00
-3.200000000000000067e-02 4.365158322401660983e-03 2.654418131711582798e-04 1.148312414543511073e+00
-3.900000000000000688e-02 4.365158322401660983e-03 2.815360282388618064e-04 1.106736018095973551e+00
-4.600000000000000616e-02 4.365158322401660983e-03 3.041195083722010996e-04 1.066664958279538888e+00
-5.300000000000000544e-02 4.365158322401660983e-03 3.365788753330847989e-04 9.908228099003786316e-01
-6.000000000000000472e-02 4.365158322401660983e-03 3.848810462008740762e-04 8.549327066268384012e-01
-6.700000000000000400e-02 4.365158322401660983e-03 4.576575382863649574e-04 7.376797602527730424e-01
-7.400000000000001021e-02 4.365158322401660983e-03 5.642453587776845390e-04 6.604193962330305867e-01
-8.100000000000001643e-02 4.365158322401660983e-03 7.158195992717776264e-04 6.134621717992506662e-01
-8.800000000000002265e-02 4.365158322401660983e-03 9.274213586900432668e-04 5.912508413831881748e-01
-9.500000000000000111e-02 4.365158322401660983e-03 1.218699041402894739e-03 5.698437059469135813e-01
-1.020000000000000073e-01 4.365158322401660983e-03 1.614760002631961296e-03 5.492116483887790057e-01
-1.090000000000000135e-01 4.365158322401660983e-03 2.145939924604414652e-03 5.293266058360567294e-01
-1.160000000000000198e-01 4.365158322401660983e-03 2.847063056435284768e-03 5.101615314749834429e-01
-1.230000000000000260e-01 4.365158322401660983e-03 3.755402563599718677e-03 4.916903577628031208e-01
-1.300000000000000044e-01 4.365158322401660983e-03 4.907247201198441586e-03 4.916903577628031208e-01
-1.370000000000000107e-01 4.365158322401660983e-03 6.332244580300623420e-03 4.738879609717651098e-01
-1.440000000000000169e-01 4.365158322401660983e-03 8.046579424922616075e-03 4.567301270168747096e-01
-1.510000000000000231e-01 4.365158322401660983e-03 1.004773209479306248e-02 4.401935185208878942e-01
-1.580000000000000016e-01 4.365158322401660983e-03 1.230993350889227067e-02 4.242556430717777660e-01
-1.650000000000000078e-01 4.365158322401660983e-03 1.478346009023651618e-02 4.088948226294863986e-01
-1.720000000000000140e-01 4.365158322401660983e-03 1.739823089142367163e-02 3.940901640403447481e-01
-1.790000000000000202e-01 4.365158322401660983e-03 2.007123208649746332e-02 3.798215306190735885e-01
-1.860000000000000264e-01 4.365158322401660983e-03 2.271607964078334665e-02 3.660695147596898513e-01
-1.930000000000000326e-01 4.365158322401660983e-03 2.525248522720507233e-02 3.528154115380883193e-01
-2.000000000000000111e-01 4.365158322401660983e-03 2.761365083859126934e-02 3.400411932703709117e-01
-2.500000000000000139e-02 5.248074602497722861e-03 3.027684637138696290e-04 9.908228099003786316e-01
-3.200000000000000067e-02 5.248074602497722861e-03 3.147690712495965085e-04 1.028044732093309710e+00
-3.900000000000000688e-02 5.248074602497722861e-03 3.314855784672598397e-04 1.028044732093309710e+00
-4.600000000000000616e-02 5.248074602497722861e-03 3.546147192426179410e-04 1.028044732093309710e+00
-5.300000000000000544e-02 5.248074602497722861e-03 3.870426163735973834e-04 9.908228099003786316e-01
-6.000000000000000472e-02 5.248074602497722861e-03 4.337484494857664461e-04 8.870496889654402306e-01
-6.700000000000000400e-02 5.248074602497722861e-03 5.029263016535570618e-04 7.941451719029338774e-01
-7.400000000000001021e-02 5.248074602497722861e-03 6.052473905126837684e-04 7.109709432312438793e-01
-8.100000000000001643e-02 5.248074602497722861e-03 7.529416959168711400e-04 6.365079081295578201e-01
-8.800000000000002265e-02 5.248074602497722861e-03 9.609162980059881860e-04 6.134621717992506662e-01
-9.500000000000000111e-02 5.248074602497722861e-03 1.249021972813878613e-03 5.698437059469135813e-01
-1.020000000000000073e-01 5.248074602497722861e-03 1.641930241360129794e-03 5.492116483887790057e-01
-1.090000000000000135e-01 5.248074602497722861e-03 2.169928563085944413e-03 5.293266058360567294e-01
-1.160000000000000198e-01 5.248074602497722861e-03 2.867808285954940618e-03 5.101615314749834429e-01
-1.230000000000000260e-01 5.248074602497722861e-03 3.772824460695152309e-03 4.916903577628031208e-01
-1.300000000000000044e-01 5.248074602497722861e-03 4.921557568107218401e-03 4.916903577628031208e-01
-1.370000000000000107e-01 5.248074602497722861e-03 6.343073890782001401e-03 4.738879609717651098e-01
-1.440000000000000169e-01 5.248074602497722861e-03 8.053929855723078804e-03 4.567301270168747096e-01
-1.510000000000000231e-01 5.248074602497722861e-03 1.005168120365950921e-02 4.401935185208878942e-01
-1.580000000000000016e-01 5.248074602497722861e-03 1.231064647879689944e-02 4.242556430717777660e-01
-1.650000000000000078e-01 5.248074602497722861e-03 1.478119196699057003e-02 4.088948226294863986e-01
-1.720000000000000140e-01 5.248074602497722861e-03 1.739331434216317279e-02 3.940901640403447481e-01
-1.790000000000000202e-01 5.248074602497722861e-03 2.006405393620122254e-02 3.798215306190735885e-01
-1.860000000000000264e-01 5.248074602497722861e-03 2.270705337475396185e-02 3.660695147596898513e-01
-1.930000000000000326e-01 5.248074602497722861e-03 2.524202240854174495e-02 3.528154115380883193e-01
-2.000000000000000111e-01 5.248074602497722861e-03 2.760213763728276010e-02 3.400411932703709117e-01
-2.500000000000000139e-02 6.309573444801930275e-03 3.609976398410575239e-04 8.870496889654402306e-01
-3.200000000000000067e-02 6.309573444801930275e-03 3.734696871111908324e-04 9.203731996618229605e-01
-3.900000000000000688e-02 6.309573444801930275e-03 3.907934499830342432e-04 9.203731996618229605e-01
-4.600000000000000616e-02 6.309573444801930275e-03 4.146540647753866379e-04 9.549485639791966962e-01
-5.300000000000000544e-02 6.309573444801930275e-03 4.475092031405210747e-04 9.549485639791966962e-01
-6.000000000000000472e-02 6.309573444801930275e-03 4.937117140302062484e-04 8.870496889654402306e-01
-6.700000000000000400e-02 6.309573444801930275e-03 5.603395400234189704e-04 8.239785684528511123e-01
-7.400000000000001021e-02 6.309573444801930275e-03 6.581443108647369936e-04 7.376797602527730424e-01
-8.100000000000001643e-02 6.309573444801930275e-03 8.007229311792789976e-04 6.604193962330305867e-01
-8.800000000000002265e-02 6.309573444801930275e-03 1.004024162419242180e-03 6.134621717992506662e-01
-9.500000000000000111e-02 6.309573444801930275e-03 1.287633117076314839e-03 5.912508413831881748e-01
-1.020000000000000073e-01 6.309573444801930275e-03 1.676180908810893933e-03 5.698437059469135813e-01
-1.090000000000000135e-01 6.309573444801930275e-03 2.200095695481458016e-03 5.293266058360567294e-01
-1.160000000000000198e-01 6.309573444801930275e-03 2.893910989067310664e-03 5.293266058360567294e-01
-1.230000000000000260e-01 6.309573444801930275e-03 3.795100682413852025e-03 5.101615314749834429e-01
-1.300000000000000044e-01 6.309573444801930275e-03 4.939562695356570707e-03 4.916903577628031208e-01
-1.370000000000000107e-01 6.309573444801930275e-03 6.356767613013973063e-03 4.738879609717651098e-01
-1.440000000000000169e-01 6.309573444801930275e-03 8.063336667446437470e-03 4.567301270168747096e-01
-1.510000000000000231e-01 6.309573444801930275e-03 1.005691062309782731e-02 4.401935185208878942e-01
-1.580000000000000016e-01 6.309573444801930275e-03 1.231191182237671364e-02 4.242556430717777660e-01
-1.650000000000000078e-01 6.309573444801930275e-03 1.477881155833454287e-02 4.088948226294863986e-01
-1.720000000000000140e-01 6.309573444801930275e-03 1.738769778278131603e-02 3.940901640403447481e-01
-1.790000000000000202e-01 6.309573444801930275e-03 2.005567541486895713e-02 3.798215306190735885e-01
-1.860000000000000264e-01 6.309573444801930275e-03 2.269641702032486330e-02 3.660695147596898513e-01
-1.930000000000000326e-01 6.309573444801930275e-03 2.522962885036512254e-02 3.528154115380883193e-01
-2.000000000000000111e-01 6.309573444801930275e-03 2.758845640393821699e-02 3.400411932703709117e-01
-2.500000000000000139e-02 7.585775750291835935e-03 4.303734269729092392e-04 7.653919388230154830e-01
-3.200000000000000067e-02 7.585775750291835935e-03 4.432345347780347134e-04 8.239785684528511123e-01
-3.900000000000000688e-02 7.585775750291835935e-03 4.611638029365445124e-04 8.549327066268384012e-01
-4.600000000000000616e-02 7.585775750291835935e-03 4.857523434110428144e-04 8.549327066268384012e-01
-5.300000000000000544e-02 7.585775750291835935e-03 5.193791423180013937e-04 8.870496889654402306e-01
-6.000000000000000472e-02 7.585775750291835935e-03 5.657669142628277614e-04 8.870496889654402306e-01
-6.700000000000000400e-02 7.585775750291835935e-03 6.311666041534352411e-04 8.239785684528511123e-01
-7.400000000000001021e-02 7.585775750291835935e-03 7.253301289547139279e-04 7.653919388230154830e-01
-8.100000000000001643e-02 7.585775750291835935e-03 8.622573566883138217e-04 7.109709432312438793e-01
-8.800000000000002265e-02 7.585775750291835935e-03 1.059434260479810404e-03 6.365079081295578201e-01
-9.500000000000000111e-02 7.585775750291835935e-03 1.337085526690399203e-03 5.912508413831881748e-01
-1.020000000000000073e-01 7.585775750291835935e-03 1.720291660238452763e-03 5.698437059469135813e-01
-1.090000000000000135e-01 7.585775750291835935e-03 2.238789089685359543e-03 5.492116483887790057e-01
-1.160000000000000198e-01 7.585775750291835935e-03 2.927362974396717152e-03 5.293266058360567294e-01
-1.230000000000000260e-01 7.585775750291835935e-03 3.823210927135855999e-03 5.101615314749834429e-01
-1.300000000000000044e-01 7.585775750291835935e-03 4.962310393411491910e-03 4.916903577628031208e-01
-1.370000000000000107e-01 7.585775750291835935e-03 6.374153790591993371e-03 4.738879609717651098e-01
-1.440000000000000169e-01 7.585775750291835935e-03 8.075423404369728650e-03 4.567301270168747096e-01
-1.510000000000000231e-01 7.585775750291835935e-03 1.006385609907989483e-02 4.401935185208878942e-01
-1.580000000000000016e-01 7.585775750291835935e-03 1.231399218710249252e-02 4.242556430717777660e-01
-1.650000000000000078e-01 7.585775750291835935e-03 1.477642538973807963e-02 4.088948226294863986e-01
-1.720000000000000140e-01 7.585775750291835935e-03 1.738135122167951477e-02 3.940901640403447481e-01
-1.790000000000000202e-01 7.585775750291835935e-03 2.004594903645930820e-02 3.798215306190735885e-01
-1.860000000000000264e-01 7.585775750291835935e-03 2.268392693807481236e-02 3.660695147596898513e-01
-1.930000000000000326e-01 7.585775750291835935e-03 2.521498532766082434e-02 3.528154115380883193e-01
-2.000000000000000111e-01 7.585775750291835935e-03 2.757223131667762769e-02 3.400411932703709117e-01
-2.500000000000000139e-02 9.120108393559096804e-03 5.131991136403948276e-04 6.852291595284057957e-01
-3.200000000000000067e-02 9.120108393559096804e-03 5.262452743685550570e-04 7.109709432312438793e-01
-3.900000000000000688e-02 9.120108393559096804e-03 5.445325352861746758e-04 7.376797602527730424e-01
-4.600000000000000616e-02 9.120108393559096804e-03 5.697469306590790877e-04 7.941451719029338774e-01
-5.300000000000000544e-02 9.120108393559096804e-03 6.041569424130193745e-04 8.239785684528511123e-01
-6.000000000000000472e-02 9.120108393559096804e-03 6.513442790419277919e-04 8.239785684528511123e-01
-6.700000000000000400e-02 9.120108393559096804e-03 7.165734110037751473e-04 8.239785684528511123e-01
-7.400000000000001021e-02 9.120108393559096804e-03 8.085473994336676287e-04 7.941451719029338774e-01
-8.100000000000001643e-02 9.120108393559096804e-03 9.405375909784715336e-04 7.376797602527730424e-01
-8.800000000000002265e-02 9.120108393559096804e-03 1.130693159615212429e-03 6.604193962330305867e-01
-9.500000000000000111e-02 9.120108393559096804e-03 1.400833333654596122e-03 6.134621717992506662e-01
-1.020000000000000073e-01 9.120108393559096804e-03 1.776388796000722206e-03 5.698437059469135813e-01
-1.090000000000000135e-01 9.120108393559096804e-03 2.288031110348893917e-03 5.492116483887790057e-01
-1.160000000000000198e-01 9.120108393559096804e-03 2.969776687303889509e-03 5.293266058360567294e-01
-1.230000000000000260e-01 9.120108393559096804e-03 3.858830832062475069e-03 5.101615314749834429e-01
-1.300000000000000044e-01 9.120108393559096804e-03 4.991172529947256534e-03 4.916903577628031208e-01
-1.370000000000000107e-01 9.120108393559096804e-03 6.396318067388936240e-03 4.738879609717651098e-01
-1.440000000000000169e-01 9.120108393559096804e-03 8.091014145843409069e-03 4.567301270168747096e-01
-1.510000000000000231e-01 9.120108393559096804e-03 1.007310067340362776e-02 4.401935185208878942e-01
-1.580000000000000016e-01 9.120108393559096804e-03 1.231725320545755051e-02 4.242556430717777660e-01
-1.650000000000000078e-01 9.120108393559096804e-03 1.477420503185380117e-02 4.088948226294863986e-01
-1.720000000000000140e-01 9.120108393559096804e-03 1.737427557552276638e-02 3.940901640403447481e-01
-1.790000000000000202e-01 9.120108393559096804e-03 2.003473159297054079e-02 3.798215306190735885e-01
-1.860000000000000264e-01 9.120108393559096804e-03 2.266932019377237290e-02 3.660695147596898513e-01
-1.930000000000000326e-01 9.120108393559096804e-03 2.519773390855010314e-02 3.528154115380883193e-01
-2.000000000000000111e-01 9.120108393559096804e-03 2.755303080995531381e-02 3.400411932703709117e-01
-2.500000000000000139e-02 1.096478196143185063e-02 6.119101603573212948e-04 5.912508413831881748e-01
-3.200000000000000067e-02 1.096478196143185063e-02 6.247778299075767679e-04 6.134621717992506662e-01
-3.900000000000000688e-02 1.096478196143185063e-02 6.432487820875123921e-04 6.604193962330305867e-01
-4.600000000000000616e-02 1.096478196143185063e-02 6.687936492425582526e-04 7.109709432312438793e-01
-5.300000000000000544e-02 1.096478196143185063e-02 7.040271677220302478e-04 7.376797602527730424e-01
-6.000000000000000472e-02 1.096478196143185063e-02 7.520289450776403498e-04 7.653919388230154830e-01
-6.700000000000000400e-02 1.096478196143185063e-02 8.177934399447191454e-04 7.653919388230154830e-01
-7.400000000000001021e-02 1.096478196143185063e-02 9.091731988473857051e-04 7.653919388230154830e-01
-8.100000000000001643e-02 1.096478196143185063e-02 1.037868754668783361e-03 7.376797602527730424e-01
-8.800000000000002265e-02 1.096478196143185063e-02 1.221389673579897613e-03 6.852291595284057957e-01
-9.500000000000000111e-02 1.096478196143185063e-02 1.482740350989016033e-03 6.365079081295578201e-01
-1.020000000000000073e-01 1.096478196143185063e-02 1.849014285002872817e-03 5.912508413831881748e-01
-1.090000000000000135e-01 1.096478196143185063e-02 2.350933276597340013e-03 5.698437059469135813e-01
-1.160000000000000198e-01 1.096478196143185063e-02 3.023800820749422084e-03 5.293266058360567294e-01
-1.230000000000000260e-01 1.096478196143185063e-02 3.904181901266551465e-03 5.101615314749834429e-01
-1.300000000000000044e-01 1.096478196143185063e-02 5.027962526467646791e-03 4.916903577628031208e-01
-1.370000000000000107e-01 1.096478196143185063e-02 6.424697000673505569e-03 4.738879609717651098e-01
-1.440000000000000169e-01 1.096478196143185063e-02 8.111201943124165745e-03 4.567301270168747096e-01
-1.510000000000000231e-01 1.096478196143185063e-02 1.008543037535508669e-02 4.401935185208878942e-01
-1.580000000000000016e-01 1.096478196143185063e-02 1.232220384102741643e-02 4.242556430717777660e-01
-1.650000000000000078e-01 1.096478196143185063e-02 1.477241450061102766e-02 4.088948226294863986e-01
-1.720000000000000140e-01 1.096478196143185063e-02 1.736652211108174332e-02 3.940901640403447481e-01
-1.790000000000000202e-01 1.096478196143185063e-02 2.002189265775876706e-02 3.798215306190735885e-01
-1.860000000000000264e-01 1.096478196143185063e-02 2.265231726116155933e-02 3.660695147596898513e-01
-1.930000000000000326e-01 1.096478196143185063e-02 2.517747616211311878e-02 3.528154115380883193e-01
-2.000000000000000111e-01 1.096478196143185063e-02 2.753036697656178339e-02 3.400411932703709117e-01
-2.500000000000000139e-02 1.318256738556407466e-02 7.296244987075457518e-04 5.101615314749834429e-01
-3.200000000000000067e-02 1.318256738556407466e-02 7.419372485962079855e-04 5.293266058360567294e-01
-3.900000000000000688e-02 1.318256738556407466e-02 7.600576642721297788e-04 5.698437059469135813e-01
-4.600000000000000616e-02 1.318256738556407466e-02 7.856744795389943286e-04 6.134621717992506662e-01
-5.300000000000000544e-02 1.318256738556407466e-02 8.212177250809410975e-04 6.604193962330305867e-01
-6.000000000000000472e-02 1.318256738556407466e-02 8.699154495821764680e-04 6.852291595284057957e-01
-6.700000000000000400e-02 1.318256738556407466e-02 9.366029864065402452e-04 7.109709432312438793e-01
-7.400000000000001021e-02 1.318256738556407466e-02 1.028380768780362249e-03 7.376797602527730424e-01
-8.100000000000001643e-02 1.318256738556407466e-02 1.155517836763752474e-03 7.376797602527730424e-01
-8.800000000000002265e-02 1.318256738556407466e-02 1.334138009824709526e-03 7.109709432312438793e-01
-9.500000000000000111e-02 1.318256738556407466e-02 1.586956380819571017e-03 6.604193962330305867e-01
-1.020000000000000073e-01 1.318256738556407466e-02 1.942220492671409456e-03 6.134621717992506662e-01
-1.090000000000000135e-01 1.318256738556407466e-02 2.432546504495468245e-03 5.698437059469135813e-01
-1.160000000000000198e-01 1.318256738556407466e-02 3.093321029800520996e-03 5.492116483887790057e-01
-1.230000000000000260e-01 1.318256738556407466e-02 3.962192157427068574e-03 5.101615314749834429e-01
-1.300000000000000044e-01 1.318256738556407466e-02 5.075083820262898601e-03 4.916903577628031208e-01
-1.370000000000000107e-01 1.318256738556407466e-02 6.461199051663630774e-03 4.738879609717651098e-01
-1.440000000000000169e-01 1.318256738556407466e-02 8.137445588463571369e-03 4.567301270168747096e-01
-1.510000000000000231e-01 1.318256738556407466e-02 1.010190114331673342e-02 4.401935185208878942e-01
-1.580000000000000016e-01 1.318256738556407466e-02 1.232954642850744680e-02 4.242556430717777660e-01
-1.650000000000000078e-01 1.318256738556407466e-02 1.477144609923323332e-02 4.088948226294863986e-01
-1.720000000000000140e-01 1.318256738556407466e-02 1.735821588190787287e-02 3.940901640403447481e-01
-1.790000000000000202e-01 1.318256738556407466e-02 2.000733166684096759e-02 3.798215306190735885e-01
-1.860000000000000264e-01 1.318256738556407466e-02 2.263263155654941447e-02 3.660695147596898513e-01
-1.930000000000000326e-01 1.318256738556407466e-02 2.515377684148146012e-02 3.528154115380883193e-01
-2.000000000000000111e-01 1.318256738556407466e-02 2.750368996008127620e-02 3.400411932703709117e-01
-2.500000000000000139e-02 1.584893192461113431e-02 8.700463914604120164e-04 4.401935185208878942e-01
-3.200000000000000067e-02 1.584893192461113431e-02 8.814538129851903769e-04 4.567301270168747096e-01
-3.900000000000000688e-02 1.584893192461113431e-02 8.985530456604274392e-04 4.916903577628031208e-01
-4.600000000000000616e-02 1.584893192461113431e-02 9.233743407459230404e-04 5.293266058360567294e-01
-5.300000000000000544e-02 1.584893192461113431e-02 9.586984056244295680e-04 5.912508413831881748e-01
-6.000000000000000472e-02 1.584893192461113431e-02 1.007744826371144561e-03 6.365079081295578201e-01
-6.700000000000000400e-02 1.584893192461113431e-02 1.075381213044264775e-03 6.604193962330305867e-01
-7.400000000000001021e-02 1.584893192461113431e-02 1.167855954336130498e-03 6.852291595284057957e-01
-8.100000000000001643e-02 1.584893192461113431e-02 1.294908821929137161e-03 7.109709432312438793e-01
-8.800000000000002265e-02 1.584893192461113431e-02 1.470946260954100228e-03 6.852291595284057957e-01
-9.500000000000000111e-02 1.584893192461113431e-02 1.716866049804368797e-03 6.604193962330305867e-01
-1.020000000000000073e-01 1.584893192461113431e-02 2.060781436376473829e-03 6.365079081295578201e-01
-1.090000000000000135e-01 1.584893192461113431e-02 2.537322872626363371e-03 5.912508413831881748e-01
-1.160000000000000198e-01 1.584893192461113431e-02 3.183515168453225370e-03 5.492116483887790057e-01
-1.230000000000000260e-01 1.584893192461113431e-02 4.037491627122329584e-03 5.293266058360567294e-01
-1.300000000000000044e-01 1.584893192461113431e-02 5.135721960498212425e-03 4.916903577628031208e-01
-1.370000000000000107e-01 1.584893192461113431e-02 6.508374449204395833e-03 4.738879609717651098e-01
-1.440000000000000169e-01 1.584893192461113431e-02 8.171704804809561129e-03 4.567301270168747096e-01
-1.510000000000000231e-01 1.584893192461113431e-02 1.012394570275873193e-02 4.401935185208878942e-01
-1.580000000000000016e-01 1.584893192461113431e-02 1.234025186721256738e-02 4.242556430717777660e-01
-1.650000000000000078e-01 1.584893192461113431e-02 1.477187329494549124e-02 4.088948226294863986e-01
-1.720000000000000140e-01 1.584893192461113431e-02 1.734959192067968281e-02 3.940901640403447481e-01
-1.790000000000000202e-01 1.584893192461113431e-02 1.999099981069164117e-02 3.798215306190735885e-01
-1.860000000000000264e-01 1.584893192461113431e-02 2.260998129458102399e-02 3.660695147596898513e-01
-1.930000000000000326e-01 1.584893192461113431e-02 2.512616779130176156e-02 3.528154115380883193e-01
-2.000000000000000111e-01 1.584893192461113431e-02 2.747238861764769030e-02 3.400411932703709117e-01
-2.500000000000000139e-02 1.905460717963247327e-02 1.037853908300464178e-03 3.660695147596898513e-01
-3.200000000000000067e-02 1.905460717963247327e-02 1.047747608243693824e-03 3.940901640403447481e-01
-3.900000000000000688e-02 1.905460717963247327e-02 1.063149810981559897e-03 4.242556430717777660e-01
-4.600000000000000616e-02 1.905460717963247327e-02 1.086344879215277778e-03 4.738879609717651098e-01
-5.300000000000000544e-02 1.905460717963247327e-02 1.120500314544656782e-03 5.101615314749834429e-01
-6.000000000000000472e-02 1.905460717963247327e-02 1.168940862647720440e-03 5.492116483887790057e-01
-6.700000000000000400e-02 1.905460717963247327e-02 1.236588866782943868e-03 5.912508413831881748e-01
-7.400000000000001021e-02 1.905460717963247327e-02 1.329883647565937308e-03 6.365079081295578201e-01
-8.100000000000001643e-02 1.905460717963247327e-02 1.457628538622542927e-03 6.604193962330305867e-01
-8.800000000000002265e-02 1.905460717963247327e-02 1.632698866468898936e-03 6.604193962330305867e-01
-9.500000000000000111e-02 1.905460717963247327e-02 1.874504274313872326e-03 6.604193962330305867e-01
-1.020000000000000073e-01 1.905460717963247327e-02 2.209107218002665050e-03 6.365079081295578201e-01
-1.090000000000000135e-01 1.905460717963247327e-02 2.670817923943235965e-03 5.912508413831881748e-01
-1.160000000000000198e-01 1.905460717963247327e-02 3.299551457974084830e-03 5.698437059469135813e-01
-1.230000000000000260e-01 1.905460717963247327e-02 4.135308217274195029e-03 5.293266058360567294e-01
-1.300000000000000044e-01 1.905460717963247327e-02 5.215207904918628228e-03 5.101615314749834429e-01
-1.370000000000000107e-01 1.905460717963247327e-02 6.569628047062373195e-03 4.738879609717651098e-01
-1.440000000000000169e-01 1.905460717963247327e-02 8.216626739453740738e-03 4.567301270168747096e-01
-1.510000000000000231e-01 1.905460717963247327e-02 1.015351846044264261e-02 4.401935185208878942e-01
-1.580000000000000016e-01 1.905460717963247327e-02 1.235566808948604899e-02 4.242556430717777660e-01
-1.650000000000000078e-01 1.905460717963247327e-02 1.477452536298215491e-02 4.088948226294863986e-01
-1.720000000000000140e-01 1.905460717963247327e-02 1.734104318492601590e-02 3.940901640403447481e-01
-1.790000000000000202e-01 1.905460717963247327e-02 1.997293018220711036e-02 3.798215306190735885e-01
-1.860000000000000264e-01 1.905460717963247327e-02 2.258410644513709348e-02 3.660695147596898513e-01
-1.930000000000000326e-01 1.905460717963247327e-02 2.509415638354626707e-02 3.528154115380883193e-01
-2.000000000000000111e-01 1.905460717963247327e-02 2.743578880622392704e-02 3.400411932703709117e-01
-2.500000000000000139e-02 2.290867652767773419e-02 1.238158835370177166e-03 3.158635408267819189e-01
-3.200000000000000067e-02 2.290867652767773419e-02 1.245982723253612678e-03 3.400411932703709117e-01
-3.900000000000000688e-02 2.290867652767773419e-02 1.259061401314169734e-03 3.660695147596898513e-01
-4.600000000000000616e-02 2.290867652767773419e-02 1.279581948315616042e-03 3.940901640403447481e-01
-5.300000000000000544e-02 2.290867652767773419e-02 1.311184218807341997e-03 4.401935185208878942e-01
-6.000000000000000472e-02 2.290867652767773419e-02 1.357559413250464600e-03 4.916903577628031208e-01
-6.700000000000000400e-02 2.290867652767773419e-02 1.424173460474522810e-03 5.293266058360567294e-01
-7.400000000000001021e-02 2.290867652767773419e-02 1.517224561521285158e-03 5.698437059469135813e-01
-8.100000000000001643e-02 2.290867652767773419e-02 1.645578958201015466e-03 6.134621717992506662e-01
-8.800000000000002265e-02 2.290867652767773419e-02 1.821085686830019356e-03 6.365079081295578201e-01
-9.500000000000000111e-02 2.290867652767773419e-02 2.060721419232941932e-03 6.365079081295578201e-01
-1.020000000000000073e-01 2.290867652767773419e-02 2.388977823478660289e-03 6.365079081295578201e-01
-1.090000000000000135e-01 2.290867652767773419e-02 2.838039138741296763e-03 6.134621717992506662e-01
-1.160000000000000198e-01 2.290867652767773419e-02 3.447954224114820488e-03 5.698437059469135813e-01
-1.230000000000000260e-01 2.290867652767773419e-02 4.261490086215399993e-03 5.492116483887790057e-01
-1.300000000000000044e-01 2.290867652767773419e-02 5.318901478825296264e-03 5.101615314749834429e-01
-1.370000000000000107e-01 2.290867652767773419e-02 6.650802285744650960e-03 4.916903577628031208e-01
-1.440000000000000169e-01 2.290867652767773419e-02 8.275780846518723116e-03 4.567301270168747096e-01
-1.510000000000000231e-01 2.290867652767773419e-02 1.019329840861998848e-02 4.401935185208878942e-01
-1.580000000000000016e-01 2.290867652767773419e-02 1.237767691139667579e-02 4.242556430717777660e-01
-1.650000000000000078e-01 2.290867652767773419e-02 1.478060129410807902e-02 4.088948226294863986e-01
-1.720000000000000140e-01 2.290867652767773419e-02 1.733320083799324424e-02 3.940901640403447481e-01
-1.790000000000000202e-01 2.290867652767773419e-02 1.995328710676935735e-02 3.798215306190735885e-01
-1.860000000000000264e-01 2.290867652767773419e-02 2.255479648219576444e-02 3.660695147596898513e-01
-1.930000000000000326e-01 2.290867652767773419e-02 2.505723702526385654e-02 3.528154115380883193e-01
-2.000000000000000111e-01 2.290867652767773419e-02 2.739315881369209366e-02 3.400411932703709117e-01
-2.500000000000000139e-02 2.754228703338166065e-02 1.477284111507216153e-03 2.626754103723838440e-01
-3.200000000000000067e-02 2.754228703338166065e-02 1.482733845770800802e-03 2.827817979625343869e-01
-3.900000000000000688e-02 2.754228703338166065e-02 1.492477375761613531e-03 3.044272212064299543e-01
-4.600000000000000616e-02 2.754228703338166065e-02 1.509500069524573806e-03 3.400411932703709117e-01
-5.300000000000000544e-02 2.754228703338166065e-02 1.536887806106657572e-03 3.798215306190735885e-01
-6.000000000000000472e-02 2.754228703338166065e-02 1.579381279613797972e-03 4.242556430717777660e-01
-6.700000000000000400e-02 2.754228703338166065e-02 1.642625903401579010e-03 4.738879609717651098e-01
-7.400000000000001021e-02 2.754228703338166065e-02 1.733978797941379806e-03 5.101615314749834429e-01
-8.100000000000001643e-02 2.754228703338166065e-02 1.861592031259033143e-03 5.492116483887790057e-01
-8.800000000000002265e-02 2.754228703338166065e-02 2.037426708023436488e-03 5.912508413831881748e-01
-9.500000000000000111e-02 2.754228703338166065e-02 2.276765998278157659e-03 6.134621717992506662e-01
-1.020000000000000073e-01 2.754228703338166065e-02 2.601327621643766044e-03 6.134621717992506662e-01
-1.090000000000000135e-01 2.754228703338166065e-02 3.041039248222037698e-03 6.134621717992506662e-01
-1.160000000000000198e-01 2.754228703338166065e-02 3.633753856915210214e-03 5.912508413831881748e-01
-1.230000000000000260e-01 2.754228703338166065e-02 4.423764246315025836e-03 5.492116483887790057e-01
-1.300000000000000044e-01 2.754228703338166065e-02 5.453088961574567399e-03 5.293266058360567294e-01
-1.370000000000000107e-01 2.754228703338166065e-02 6.757716200283204501e-03 4.916903577628031208e-01
-1.440000000000000169e-01 2.754228703338166065e-02 8.355172844443092828e-03 4.738879609717651098e-01
-1.510000000000000231e-01 2.754228703338166065e-02 1.024695126421904141e-02 4.401935185208878942e-01
-1.580000000000000016e-01 2.754228703338166065e-02 1.240891596944948549e-02 4.242556430717777660e-01
-1.650000000000000078e-01 2.754228703338166065e-02 1.479183675821409312e-02 4.088948226294863986e-01
-1.720000000000000140e-01 2.754228703338166065e-02 1.732704523626151655e-02 3.940901640403447481e-01
-1.790000000000000202e-01 2.754228703338166065e-02 1.993244030592246016e-02 3.798215306190735885e-01
-1.860000000000000264e-01 2.754228703338166065e-02 2.252193633816426677e-02 3.660695147596898513e-01
-1.930000000000000326e-01 2.754228703338166065e-02 2.501491544959819069e-02 3.528154115380883193e-01
-2.000000000000000111e-01 2.754228703338166065e-02 2.734371522344254332e-02 3.400411932703709117e-01
-2.500000000000000139e-02 3.311311214825911342e-02 1.762290950511413408e-03 2.266498079273692734e-01
-3.200000000000000067e-02 3.311311214825911342e-02 1.764858160503867800e-03 2.439986297259550130e-01
-3.900000000000000688e-02 3.311311214825911342e-02 1.771180883859354432e-03 2.626754103723838440e-01
-4.600000000000000616e-02 3.311311214825911342e-02 1.783156457729806032e-03 2.827817979625343869e-01
-5.300000000000000544e-02 3.311311214825911342e-02 1.805034907152546506e-03 3.158635408267819189e-01
-6.000000000000000472e-02 3.311311214825911342e-02 1.841380305392844143e-03 3.528154115380883193e-01
-6.700000000000000400e-02 3.311311214825911342e-02 1.898856368627546655e-03 4.088948226294863986e-01
-7.400000000000001021e-02 3.311311214825911342e-02 1.985230062503532018e-03 4.567301270168747096e-01
-8.100000000000001643e-02 3.311311214825911342e-02 2.109982958895157985e-03 4.916903577628031208e-01
-8.800000000000002265e-02 3.311311214825911342e-02 2.284260384259184130e-03 5.492116483887790057e-01
-9.500000000000000111e-02 3.311311214825911342e-02 2.523494762323664087e-03 5.698437059469135813e-01
-1.020000000000000073e-01 3.311311214825911342e-02 2.846706424793351599e-03 5.912508413831881748e-01
-1.090000000000000135e-01 3.311311214825911342e-02 3.280519903690002140e-03 5.912508413831881748e-01
-1.160000000000000198e-01 3.311311214825911342e-02 3.859953010275920474e-03 5.912508413831881748e-01
-1.230000000000000260e-01 3.311311214825911342e-02 4.626929459489247977e-03 5.698437059469135813e-01
-1.300000000000000044e-01 3.311311214825911342e-02 5.627134517230401520e-03 5.293266058360567294e-01
-1.370000000000000107e-01 3.311311214825911342e-02 6.896671173911011511e-03 4.916903577628031208e-01
-1.440000000000000169e-01 3.311311214825911342e-02 8.461681381987856687e-03 4.738879609717651098e-01
-1.510000000000000231e-01 3.311311214825911342e-02 1.032018395394167926e-02 4.567301270168747096e-01
-1.580000000000000016e-01 3.311311214825911342e-02 1.245306710188937883e-02 4.242556430717777660e-01
-1.650000000000000078e-01 3.311311214825911342e-02 1.481074695674374463e-02 4.088948226294863986e-01
-1.720000000000000140e-01 3.311311214825911342e-02 1.732408988610104061e-02 3.940901640403447481e-01
-1.790000000000000202e-01 3.311311214825911342e-02 1.991108545882051134e-02 3.798215306190735885e-01
-1.860000000000000264e-01 3.311311214825911342e-02 2.248557677024896548e-02 3.660695147596898513e-01
-1.930000000000000326e-01 3.311311214825911342e-02 2.496674662129138439e-02 3.528154115380883193e-01
-2.000000000000000111e-01 3.311311214825911342e-02 2.728663933893834409e-02 3.400411932703709117e-01
-2.500000000000000139e-02 3.981071705534973415e-02 2.101828512383953872e-03 1.884843409033795658e-01
-3.200000000000000067e-02 3.981071705534973415e-02 2.101359543520454898e-03 2.029118018046678074e-01
-3.900000000000000688e-02 3.981071705534973415e-02 2.103241401178452489e-03 2.184436071149428449e-01
-4.600000000000000616e-02 3.981071705534973415e-02 2.109865705639111643e-03 2.439986297259550130e-01
-5.300000000000000544e-02 3.981071705534973415e-02 2.124649489660715342e-03 2.725432531281027915e-01
-6.000000000000000472e-02 3.981071705534973415e-02 2.152825785618797585e-03 3.044272212064299543e-01
-6.700000000000000400e-02 3.981071705534973415e-02 2.201150943115512144e-03 3.400411932703709117e-01
-7.400000000000001021e-02 3.981071705534973415e-02 2.278760049882584508e-03 3.940901640403447481e-01
-8.100000000000001643e-02 3.981071705534973415e-02 2.396512458977165250e-03 4.401935185208878942e-01
-8.800000000000002265e-02 3.981071705534973415e-02 2.566253338847240741e-03 4.916903577628031208e-01
-9.500000000000000111e-02 3.981071705534973415e-02 2.803268350903101100e-03 5.293266058360567294e-01
-1.020000000000000073e-01 3.981071705534973415e-02 3.125013106561780503e-03 5.492116483887790057e-01
-1.090000000000000135e-01 3.981071705534973415e-02 3.556073460542644692e-03 5.698437059469135813e-01
-1.160000000000000198e-01 3.981071705534973415e-02 4.126601010207013760e-03 5.698437059469135813e-01
-1.230000000000000260e-01 3.981071705534973415e-02 4.875300967849072534e-03 5.698437059469135813e-01
-1.300000000000000044e-01 3.981071705534973415e-02 5.845440161542477669e-03 5.293266058360567294e-01
-1.370000000000000107e-01 3.981071705534973415e-02 7.079079445788297176e-03 5.101615314749834429e-01
-1.440000000000000169e-01 3.981071705534973415e-02 8.601672712964669384e-03 4.738879609717651098e-01
-1.510000000000000231e-01 3.981071705534973415e-02 1.042172607099942777e-02 4.567301270168747096e-01
-1.580000000000000016e-01 3.981071705534973415e-02 1.251518686441591664e-02 4.242556430717777660e-01
-1.650000000000000078e-01 3.981071705534973415e-02 1.484094487129859752e-02 4.088948226294863986e-01
-1.720000000000000140e-01 3.981071705534973415e-02 1.732664387682964977e-02 3.940901640403447481e-01
-1.790000000000000202e-01 3.981071705534973415e-02 1.989043700094258668e-02 3.798215306190735885e-01
-1.860000000000000264e-01 3.981071705534973415e-02 2.244606053453009412e-02 3.660695147596898513e-01
-1.930000000000000326e-01 3.981071705534973415e-02 2.491240667929687028e-02 3.528154115380883193e-01
-2.000000000000000111e-01 3.981071705534973415e-02 2.722111037340872036e-02 3.400411932703709117e-01
-2.500000000000000139e-02 4.786300923226382426e-02 2.504723221373116385e-03 1.567455410205594868e-01
-3.200000000000000067e-02 4.786300923226382426e-02 2.500990461819305698e-03 1.687435677727375793e-01
-3.900000000000000688e-02 4.786300923226382426e-02 2.498097334507621593e-03 1.884843409033795658e-01
-4.600000000000000616e-02 4.786300923226382426e-02 2.498761889487296269e-03 2.029118018046678074e-01
-5.300000000000000544e-02 4.786300923226382426e-02 2.505524107404228165e-03 2.266498079273692734e-01
-6.000000000000000472e-02 4.786300923226382426e-02 2.523372696057226468e-03 2.531648478631353116e-01
-6.700000000000000400e-02 4.786300923226382426e-02 2.559692044944245071e-03 2.934049709215786894e-01
-7.400000000000001021e-02 4.786300923226382426e-02 2.624191389141107469e-03 3.277294849923381714e-01
-8.100000000000001643e-02 4.786300923226382426e-02 2.729405744722341372e-03 3.798215306190735885e-01
-8.800000000000002265e-02 4.786300923226382426e-02 2.889317049674862935e-03 4.242556430717777660e-01
-9.500000000000000111e-02 4.786300923226382426e-02 3.119811198754306094e-03 4.738879609717651098e-01
-1.020000000000000073e-01 4.786300923226382426e-02 3.438418361125734294e-03 5.101615314749834429e-01
-1.090000000000000135e-01 4.786300923226382426e-02 3.866782864091802916e-03 5.492116483887790057e-01
-1.160000000000000198e-01 4.786300923226382426e-02 4.431998429202763969e-03 5.492116483887790057e-01
-1.230000000000000260e-01 4.786300923226382426e-02 5.167902260804503253e-03 5.492116483887790057e-01
-1.300000000000000044e-01 4.786300923226382426e-02 6.113342594025393019e-03 5.492116483887790057e-01
-1.370000000000000107e-01 4.786300923226382426e-02 7.309112255949651651e-03 5.101615314749834429e-01
-1.440000000000000169e-01 4.786300923226382426e-02 8.787014214976185400e-03 4.916903577628031208e-01
-1.510000000000000231e-01 4.786300923226382426e-02 1.055751757391651044e-02 4.567301270168747096e-01
-1.580000000000000016e-01 4.786300923226382426e-02 1.260629828638786670e-02 4.401935185208878942e-01
-1.650000000000000078e-01 4.786300923226382426e-02 1.488751369041225840e-02 4.088948226294863986e-01
-1.720000000000000140e-01 4.786300923226382426e-02 1.733816764379296493e-02 3.940901640403447481e-01
-1.790000000000000202e-01 4.786300923226382426e-02 1.987251711771075360e-02 3.798215306190735885e-01
-1.860000000000000264e-01 4.786300923226382426e-02 2.240422978328665549e-02 3.660695147596898513e-01
-1.930000000000000326e-01 4.786300923226382426e-02 2.485182096388807022e-02 3.528154115380883193e-01
-2.000000000000000111e-01 4.786300923226382426e-02 2.714637325392693992e-02 3.400411932703709117e-01
-2.500000000000000139e-02 5.754399373371569398e-02 2.982211560613840309e-03 1.352480870417873959e-01
-3.200000000000000067e-02 5.754399373371569398e-02 2.974639039333671145e-03 1.456005995020648591e-01
-3.900000000000000688e-02 5.754399373371569398e-02 2.967115825024433089e-03 1.567455410205594868e-01
-4.600000000000000616e-02 5.754399373371569398e-02 2.960420794547715881e-03 1.687435677727375793e-01
-5.300000000000000544e-02 5.754399373371569398e-02 2.958383119319263430e-03 1.884843409033795658e-01
-6.000000000000000472e-02 5.754399373371569398e-02 2.964632929107954666e-03 2.184436071149428449e-01
-6.700000000000000400e-02 5.754399373371569398e-02 2.986635313553750743e-03 2.439986297259550130e-01
-7.400000000000001021e-02 5.754399373371569398e-02 3.033578432310134187e-03 2.827817979625343869e-01
-8.100000000000001643e-02 5.754399373371569398e-02 3.119624252291823812e-03 3.277294849923381714e-01
-8.800000000000002265e-02 5.754399373371569398e-02 3.262201226893812929e-03 3.660695147596898513e-01
-9.500000000000000111e-02 5.754399373371569398e-02 3.478978647716855603e-03 4.242556430717777660e-01
-1.020000000000000073e-01 5.754399373371569398e-02 3.788894106619435185e-03 4.738879609717651098e-01
-1.090000000000000135e-01 5.754399373371569398e-02 4.212998878915521876e-03 5.101615314749834429e-01
-1.160000000000000198e-01 5.754399373371569398e-02 4.774743184414075720e-03 5.293266058360567294e-01
-1.230000000000000260e-01 5.754399373371569398e-02 5.501802637269430016e-03 5.492116483887790057e-01
-1.300000000000000044e-01 5.754399373371569398e-02 6.429191232959851829e-03 5.293266058360567294e-01
-1.370000000000000107e-01 5.754399373371569398e-02 7.592149936115427655e-03 5.293266058360567294e-01
-1.440000000000000169e-01 5.754399373371569398e-02 9.023666300162467430e-03 4.916903577628031208e-01
-1.510000000000000231e-01 5.754399373371569398e-02 1.073954187684371744e-02 4.738879609717651098e-01
-1.580000000000000016e-01 5.754399373371569398e-02 1.273174762853368676e-02 4.401935185208878942e-01
-1.650000000000000078e-01 5.754399373371569398e-02 1.496132376174715874e-02 4.242556430717777660e-01
-1.720000000000000140e-01 5.754399373371569398e-02 1.736369202584892718e-02 3.940901640403447481e-01
-1.790000000000000202e-01 5.754399373371569398e-02 1.986055534258593727e-02 3.798215306190735885e-01
-1.860000000000000264e-01 5.754399373371569398e-02 2.236174664412356877e-02 3.660695147596898513e-01
-1.930000000000000326e-01 5.754399373371569398e-02 2.478539220133761656e-02 3.528154115380883193e-01
-2.000000000000000111e-01 5.754399373371569398e-02 2.706187732543789692e-02 3.400411932703709117e-01
-2.500000000000000139e-02 6.918309709189365830e-02 3.545829210204493043e-03 1.124737178364750706e-01
-3.200000000000000067e-02 6.918309709189365830e-02 3.534448860366596473e-03 1.210829750232039481e-01
-3.900000000000000688e-02 6.918309709189365830e-02 3.521168719230718253e-03 1.303512244681508947e-01
-4.600000000000000616e-02 6.918309709189365830e-02 3.507681714479705774e-03 1.456005995020648591e-01
-5.300000000000000544e-02 6.918309709189365830e-02 3.495718832643524530e-03 1.626339504048193996e-01
-6.000000000000000472e-02 6.918309709189365830e-02 3.489469401253257001e-03 1.816599788375328761e-01
-6.700000000000000400e-02 6.918309709189365830e-02 3.494612645261862844e-03 2.029118018046678074e-01
-7.400000000000001021e-02 6.918309709189365830e-02 3.520944781804188906e-03 2.351642884494350993e-01
-8.100000000000001643e-02 6.918309709189365830e-02 3.582391342171629446e-03 2.725432531281027915e-01
-8.800000000000002265e-02 6.918309709189365830e-02 3.698261551712542401e-03 3.158635408267819189e-01
-9.500000000000000111e-02 6.918309709189365830e-02 3.890978054108732483e-03 3.660695147596898513e-01
-1.020000000000000073e-01 6.918309709189365830e-02 4.183004948760254971e-03 4.088948226294863986e-01
-1.090000000000000135e-01 6.918309709189365830e-02 4.596522652020638457e-03 4.567301270168747096e-01
-1.160000000000000198e-01 6.918309709189365830e-02 5.152113969146905788e-03 4.916903577628031208e-01
-1.230000000000000260e-01 6.918309709189365830e-02 5.873588234645647430e-03 5.101615314749834429e-01
-1.300000000000000044e-01 6.918309709189365830e-02 6.789240614010077363e-03 5.293266058360567294e-01
-1.370000000000000107e-01 6.918309709189365830e-02 7.926898409205842752e-03 5.101615314749834429e-01
-1.440000000000000169e-01 6.918309709189365830e-02 9.316161773620490472e-03 5.101615314749834429e-01
-1.510000000000000231e-01 6.918309709189365830e-02 1.097639333566908029e-02 4.738879609717651098e-01
-1.580000000000000016e-01 6.918309709189365830e-02 1.290329266236290087e-02 4.567301270168747096e-01
-1.650000000000000078e-01 6.918309709189365830e-02 1.506964747105708248e-02 4.242556430717777660e-01
-1.720000000000000140e-01 6.918309709189365830e-02 1.741420589358283824e-02 4.088948226294863986e-01
-1.790000000000000202e-01 6.918309709189365830e-02 1.985946567462232304e-02 3.798215306190735885e-01
-1.860000000000000264e-01 6.918309709189365830e-02 2.232154419527193276e-02 3.660695147596898513e-01
-1.930000000000000326e-01 6.918309709189365830e-02 2.471435833473487054e-02 3.528154115380883193e-01
-2.000000000000000111e-01 6.918309709189365830e-02 2.696775662773301385e-02 3.528154115380883193e-01
-2.500000000000000139e-02 8.317637711026708291e-02 4.208110355883613526e-03 9.704808877380306786e-02
-3.200000000000000067e-02 8.317637711026708291e-02 4.192329535108272644e-03 1.006938631476027163e-01
-3.900000000000000688e-02 8.317637711026708291e-02 4.173552428575237443e-03 1.124737178364750706e-01
-4.600000000000000616e-02 8.317637711026708291e-02 4.152249218570405048e-03 1.210829750232039481e-01
-5.300000000000000544e-02 8.317637711026708291e-02 4.130198776788093773e-03 1.352480870417873959e-01
-6.000000000000000472e-02 8.317637711026708291e-02 4.110188392445357324e-03 1.510703304486655518e-01
-6.700000000000000400e-02 8.317637711026708291e-02 4.097049928279319908e-03 1.687435677727375793e-01
-7.400000000000001021e-02 8.317637711026708291e-02 4.100523441313562098e-03 1.955650715865951128e-01
-8.100000000000001643e-02 8.317637711026708291e-02 4.132604165099506774e-03 2.266498079273692734e-01
-8.800000000000002265e-02 8.317637711026708291e-02 4.213521937095822401e-03 2.626754103723838440e-01
-9.500000000000000111e-02 8.317637711026708291e-02 4.369305602068628003e-03 3.158635408267819189e-01
-1.020000000000000073e-01 8.317637711026708291e-02 4.630200386051918846e-03 3.660695147596898513e-01
-1.090000000000000135e-01 8.317637711026708291e-02 5.021501684258800058e-03 4.088948226294863986e-01
-1.160000000000000198e-01 8.317637711026708291e-02 5.564714119529831464e-03 4.567301270168747096e-01
-1.230000000000000260e-01 8.317637711026708291e-02 6.279264334356939384e-03 4.916903577628031208e-01
-1.300000000000000044e-01 8.317637711026708291e-02 7.186477427856467412e-03 5.101615314749834429e-01
-1.370000000000000107e-01 8.317637711026708291e-02 8.308402941830855815e-03 5.101615314749834429e-01
-1.440000000000000169e-01 8.317637711026708291e-02 9.664034636005659762e-03 5.101615314749834429e-01
-1.510000000000000231e-01 8.317637711026708291e-02 1.127133316738621049e-02 4.916903577628031208e-01
-1.580000000000000016e-01 8.317637711026708291e-02 1.313286864596056869e-02 4.567301270168747096e-01
-1.650000000000000078e-01 8.317637711026708291e-02 1.522315294195674892e-02 4.401935185208878942e-01
-1.720000000000000140e-01 8.317637711026708291e-02 1.749829205367223195e-02 4.088948226294863986e-01
-1.790000000000000202e-01 8.317637711026708291e-02 1.988126006306447160e-02 3.940901640403447481e-01
-1.860000000000000264e-01 8.317637711026708291e-02 2.228866784673223800e-02 3.798215306190735885e-01
-1.930000000000000326e-01 8.317637711026708291e-02 2.464130917885242605e-02 3.528154115380883193e-01
-2.000000000000000111e-01 8.317637711026708291e-02 2.686654904226920895e-02 3.528154115380883193e-01
-2.500000000000000139e-02 1.000000000000000056e-01 4.984274863621025731e-03 8.070620141149507931e-02
-3.200000000000000067e-02 1.000000000000000056e-01 4.963716482045127734e-03 8.688382635251193364e-02
-3.900000000000000688e-02 1.000000000000000056e-01 4.938241043232241903e-03 9.353431520292376788e-02
-4.600000000000000616e-02 1.000000000000000056e-01 4.908114879447003816e-03 1.044765971560805140e-01
-5.300000000000000544e-02 1.000000000000000056e-01 4.874540240516119297e-03 1.124737178364750706e-01
-6.000000000000000472e-02 1.000000000000000056e-01 4.840044741201556672e-03 1.303512244681508947e-01
-6.700000000000000400e-02 1.000000000000000056e-01 4.808852428190712666e-03 1.456005995020648591e-01
-7.400000000000001021e-02 1.000000000000000056e-01 4.786836295933299609e-03 1.626339504048193996e-01
-8.100000000000001643e-02 1.000000000000000056e-01 4.786633914707761131e-03 1.884843409033795658e-01
-8.800000000000002265e-02 1.000000000000000056e-01 4.826391718602941229e-03 2.184436071149428449e-01
-9.500000000000000111e-02 1.000000000000000056e-01 4.934272793847063569e-03 2.626754103723838440e-01
-1.020000000000000073e-01 1.000000000000000056e-01 5.145797524992054735e-03 3.044272212064299543e-01
-1.090000000000000135e-01 1.000000000000000056e-01 5.497099992761395743e-03 3.660695147596898513e-01
-1.160000000000000198e-01 1.000000000000000056e-01 6.014766353938620982e-03 4.088948226294863986e-01
-1.230000000000000260e-01 1.000000000000000056e-01 6.715773615428229613e-03 4.567301270168747096e-01
-1.300000000000000044e-01 1.000000000000000056e-01 7.614706046590771771e-03 4.738879609717651098e-01
-1.370000000000000107e-01 1.000000000000000056e-01 8.725959083493311369e-03 4.916903577628031208e-01
-1.440000000000000169e-01 1.000000000000000056e-01 1.006033876590067648e-02 4.916903577628031208e-01
-1.510000000000000231e-01 1.000000000000000056e-01 1.162560105333895581e-02 4.916903577628031208e-01
-1.580000000000000016e-01 1.000000000000000056e-01 1.342234722424691037e-02 4.738879609717651098e-01
-1.650000000000000078e-01 1.000000000000000056e-01 1.543729365820377744e-02 4.401935185208878942e-01
-1.720000000000000140e-01 1.000000000000000056e-01 1.762639607602519559e-02 4.242556430717777660e-01
-1.790000000000000202e-01 1.000000000000000056e-01 1.993398049637181910e-02 3.940901640403447481e-01
-1.860000000000000264e-01 1.000000000000000056e-01 2.227691653101671748e-02 3.798215306190735885e-01
-1.930000000000000326e-01 1.000000000000000056e-01 2.457542497464745151e-02 3.660695147596898513e-01
-2.000000000000000111e-01 1.000000000000000056e-01 2.675989934192241071e-02 3.528154115380883193e-01
