-2.500000000000000139e-02 1.000000000000000021e-03 6.758841870169903497e-05 2.230223297965937324e+00
-3.200000000000000067e-02 1.000000000000000021e-03 7.159018207919409945e-05 2.024446509976803643e+00
-3.900000000000000688e-02 1.000000000000000021e-03 7.862725283030145857e-05 1.578331405652117381e+00
-4.600000000000000616e-02 1.000000000000000021e-03 9.506886191812081121e-05 7.689283720758313123e-01
-5.300000000000000544e-02 1.000000000000000021e-03 1.218028652955619926e-04 6.696160054853221855e-01
-6.000000000000000472e-02 1.000000000000000021e-03 1.595590704734490791e-04 6.248788072006894456e-01
-6.700000000000000400e-02 1.000000000000000021e-03 2.111868050185157497e-04 5.994842503189408145e-01
-7.400000000000001021e-02 1.000000000000000021e-03 2.803734709275659798e-04 5.831305113526225048e-01
-8.100000000000001643e-02 1.000000000000000021e-03 3.716354146098135381e-04 5.672228971644543982e-01
-8.800000000000002265e-02 1.000000000000000021e-03 4.903351096219874319e-04 5.594325706169377410e-01
-9.500000000000000111e-02 1.000000000000000021e-03 6.428633647516826619e-04 5.517492376129122800e-01
-1.020000000000000073e-01 1.000000000000000021e-03 8.364855152912636363e-04 5.441714286865892980e-01
-1.090000000000000135e-01 1.000000000000000021e-03 1.079551501612521260e-03 5.366976945540475885e-01
-1.160000000000000198e-01 1.000000000000000021e-03 1.381183104992707257e-03 5.220567527846975420e-01
-1.230000000000000260e-01 1.000000000000000021e-03 1.751158211626117510e-03 5.148867450137492030e-01
-1.300000000000000044e-01 1.000000000000000021e-03 2.200637923429160474e-03 5.078152112327675161e-01
-1.370000000000000107e-01 1.000000000000000021e-03 2.736927135672694977e-03 5.008407989848212560e-01
-1.440000000000000169e-01 1.000000000000000021e-03 3.372115897938206611e-03 4.871780218794631301e-01
-1.510000000000000231e-01 1.000000000000000021e-03 4.114198147421325481e-03 4.804870439655128944e-01
-1.580000000000000016e-01 1.000000000000000021e-03 4.970331717404147948e-03 4.673795107992463338e-01
-1.650000000000000078e-01 1.000000000000000021e-03 5.941175932855427382e-03 4.609604486828433600e-01
-1.720000000000000140e-01 1.000000000000000021e-03 7.022788969206121036e-03 4.483855948021185922e-01
-1.790000000000000202e-01 1.000000000000000021e-03 8.215080983811091225e-03 4.361537789208005389e-01
-1.860000000000000264e-01 1.000000000000000021e-03 9.513512514287999350e-03 4.242556430717777660e-01
-1.930000000000000326e-01 1.000000000000000021e-03 1.090598878635350329e-02 4.184288507901580689e-01
-2.000000000000000111e-01 1.000000000000000021e-03 1.237549599359084179e-02 4.070142453219439127e-01
-2.500000000000000139e-02 1.202264434617413003e-03 8.057464673606366075e-05 2.110203428568595552e+00
-3.200000000000000067e-02 1.202264434617413003e-03 8.466137073844162274e-05 1.969220255479172677e+00
-3.900000000000000688e-02 1.202264434617413003e-03 9.154978298528867998e-05 1.668100537200059019e+00
-4.600000000000000616e-02 1.202264434617413003e-03 1.056016894050674511e-04 8.708431497690723999e-01
-5.300000000000000544e-02 1.202264434617413003e-03 1.316299477798717253e-04 6.979813907830659803e-01
-6.000000000000000472e-02 1.202264434617413003e-03 1.690691902277881558e-04 6.424033659394190465e-01
-6.700000000000000400e-02 1.202264434617413003e-03 2.205184485058613616e-04 6.078323128297229427e-01
-7.400000000000001021e-02 1.202264434617413003e-03 2.896040596282457554e-04 5.831305113526225048e-01
-8.100000000000001643e-02 1.202264434617413003e-03 3.808285758184628915e-04 5.751217071841613349e-01
-8.800000000000002265e-02 1.202264434617413003e-03 4.995775223027614431e-04 5.594325706169377410e-01
-9.500000000000000111e-02 1.202264434617413003e-03 6.522427109649300836e-04 5.517492376129122800e-01
-1.020000000000000073e-01 1.202264434617413003e-03 8.461248929718664458e-04 5.441714286865892980e-01
-1.090000000000000135e-01 1.202264434617413003e-03 1.089625997600894569e-03 5.366976945540475885e-01
-1.160000000000000198e-01 1.202264434617413003e-03 1.391935786059156311e-03 5.220567527846975420e-01
-1.230000000000000260e-01 1.202264434617413003e-03 1.762934822364659948e-03 5.148867450137492030e-01
-1.300000000000000044e-01 1.202264434617413003e-03 2.213887802600322460e-03 5.078152112327675161e-01
-1.370000000000000107e-01 1.202264434617413003e-03 2.752220873217041744e-03 5.008407989848212560e-01
-1.440000000000000169e-01 1.202264434617413003e-03 3.390140764200424116e-03 4.871780218794631301e-01
-1.510000000000000231e-01 1.202264434617413003e-03 4.135714468975026752e-03 4.804870439655128944e-01
-1.580000000000000016e-01 1.202264434617413003e-03 4.996136243903418275e-03 4.673795107992463338e-01
-1.650000000000000078e-01 1.202264434617413003e-03 5.971992067220191838e-03 4.609604486828433600e-01
-1.720000000000000140e-01 1.202264434617413003e-03 7.059206261026175662e-03 4.483855948021185922e-01
-1.790000000000000202e-01 1.202264434617413003e-03 8.257468538471807520e-03 4.361537789208005389e-01
-1.860000000000000264e-01 1.202264434617413003e-03 9.561970409056826103e-03 4.242556430717777660e-01
-1.930000000000000326e-01 1.202264434617413003e-03 1.096030921414248294e-02 4.184288507901580689e-01
-2.000000000000000111e-01 1.202264434617413003e-03 1.243528449108497087e-02 4.070142453219439127e-01
-2.500000000000000139e-02 1.445439770745927987e-03 9.617647012395165841e-05 1.969220255479172677e+00
-3.200000000000000067e-02 1.445439770745927987e-03 1.003916976419921847e-04 1.889192776207666125e+00
-3.900000000000000688e-02 1.445439770745927987e-03 1.073075790614552336e-04 1.668100537200059019e+00
-4.600000000000000616e-02 1.445439770745927987e-03 1.195364187345736962e-04 1.132541315152812089e+00
-5.300000000000000544e-02 1.445439770745927987e-03 1.439977154124749855e-04 7.479522515621821466e-01
-6.000000000000000472e-02 1.445439770745927987e-03 1.808783447144015396e-04 6.604193962330305867e-01
-6.700000000000000400e-02 1.445439770745927987e-03 2.320142501440731304e-04 6.162966255132942273e-01
-7.400000000000001021e-02 1.445439770745927987e-03 3.009163533803444943e-04 5.912508413831875087e-01
-8.100000000000001643e-02 1.445439770745927987e-03 3.920566436576094723e-04 5.751217071841613349e-01
-8.800000000000002265e-02 1.445439770745927987e-03 5.108027414313775355e-04 5.594325706169377410e-01
-9.500000000000000111e-02 1.445439770745927987e-03 6.635986487191491978e-04 5.517492376129122800e-01
-1.020000000000000073e-01 1.445439770745927987e-03 8.577613112104825847e-04 5.441714286865892980e-01
-1.090000000000000135e-01 1.445439770745927987e-03 1.101754502341410584e-03 5.366976945540475885e-01
-1.160000000000000198e-01 1.445439770745927987e-03 1.404849265846402299e-03 5.220567527846975420e-01
-1.230000000000000260e-01 1.445439770745927987e-03 1.777050149360252318e-03 5.148867450137492030e-01
-1.300000000000000044e-01 1.445439770745927987e-03 2.229746683252973628e-03 5.078152112327675161e-01
-1.370000000000000107e-01 1.445439770745927987e-03 2.770512449241840491e-03 5.008407989848212560e-01
-1.440000000000000169e-01 1.445439770745927987e-03 3.411696408571916403e-03 4.871780218794631301e-01
-1.510000000000000231e-01 1.445439770745927987e-03 4.161454189877329332e-03 4.804870439655128944e-01
-1.580000000000000016e-01 1.445439770745927987e-03 5.027026859850756112e-03 4.673795107992463338e-01
-1.650000000000000078e-01 1.445439770745927987e-03 6.008909496073863189e-03 4.609604486828433600e-01
-1.720000000000000140e-01 1.445439770745927987e-03 7.102866190589448084e-03 4.483855948021185922e-01
-1.790000000000000202e-01 1.445439770745927987e-03 8.308319592635690296e-03 4.361537789208005389e-01
-1.860000000000000264e-01 1.445439770745927987e-03 9.620135800376952359e-03 4.242556430717777660e-01
-1.930000000000000326e-01 1.445439770745927987e-03 1.102554423862239438e-02 4.184288507901580689e-01
-2.000000000000000111e-01 1.445439770745927987e-03 1.250712727384833446e-02 4.070142453219439127e-01
-2.500000000000000139e-02 1.737800828749376265e-03 1.149248224023700264e-04 1.837656200388171346e+00
-3.200000000000000067e-02 1.737800828749376265e-03 1.193172135966583282e-04 1.762975375287205493e+00
-3.900000000000000688e-02 1.737800828749376265e-03 1.263583178523395808e-04 1.622595287078087090e+00
-4.600000000000000616e-02 1.737800828749376265e-03 1.379279367885109765e-04 1.318621401394748371e+00
-5.300000000000000544e-02 1.737800828749376265e-03 1.597945268988410948e-04 8.239785684528518894e-01
-6.000000000000000472e-02 1.737800828749376265e-03 1.956415314035042684e-04 6.883952069645495886e-01
-6.700000000000000400e-02 1.737800828749376265e-03 2.462396298539346181e-04 6.335804992658248258e-01
-7.400000000000001021e-02 1.737800828749376265e-03 3.148189043370546976e-04 5.994842503189408145e-01
-8.100000000000001643e-02 1.737800828749376265e-03 4.057716044677436287e-04 5.831305113526225048e-01
-8.800000000000002265e-02 1.737800828749376265e-03 5.244730367933522373e-04 5.672228971644543982e-01
-9.500000000000000111e-02 1.737800828749376265e-03 6.773648331796337536e-04 5.517492376129122800e-01
-1.020000000000000073e-01 1.737800828749376265e-03 8.718198659741057061e-04 5.441714286865892980e-01
-1.090000000000000135e-01 1.737800828749376265e-03 1.116361218123479958e-03 5.366976945540475885e-01
-1.160000000000000198e-01 1.737800828749376265e-03 1.420356779241894541e-03 5.220567527846975420e-01
-1.230000000000000260e-01 1.737800828749376265e-03 1.793960810166801961e-03 5.148867450137492030e-01
-1.300000000000000044e-01 1.737800828749376265e-03 2.248713279480408708e-03 5.078152112327675161e-01
-1.370000000000000107e-01 1.737800828749376265e-03 2.792366777367262694e-03 5.008407989848212560e-01
-1.440000000000000169e-01 1.737800828749376265e-03 3.437444636708720472e-03 4.871780218794631301e-01
-1.510000000000000231e-01 1.737800828749376265e-03 4.192210291526572014e-03 4.804870439655128944e-01
-1.580000000000000016e-01 1.737800828749376265e-03 5.063963845446746784e-03 4.673795107992463338e-01
-1.650000000000000078e-01 1.737800828749376265e-03 6.053088963230888152e-03 4.609604486828433600e-01
-1.720000000000000140e-01 1.737800828749376265e-03 7.155158098720376496e-03 4.483855948021185922e-01
-1.790000000000000202e-01 1.737800828749376265e-03 8.369269047636927750e-03 4.361537789208005389e-01
-1.860000000000000264e-01 1.737800828749376265e-03 9.689897948097304925e-03 4.242556430717777660e-01
-1.930000000000000326e-01 1.737800828749376265e-03 1.110383038765813332e-02 4.184288507901580689e-01
-2.000000000000000111e-01 1.737800828749376265e-03 1.259339903584873535e-02 4.070142453219439127e-01
-2.500000000000000139e-02 2.089296130854038577e-03 1.374574541373549820e-04 1.691329517029647844e+00
-3.200000000000000067e-02 2.089296130854038577e-03 1.420549860723512329e-04 1.645190587753662559e+00
-3.900000000000000688e-02 2.089296130854038577e-03 1.493007593148156377e-04 1.556654359271062216e+00
-4.600000000000000616e-02 2.089296130854038577e-03 1.607475234819917879e-04 1.355601785329368036e+00
-5.300000000000000544e-02 2.089296130854038577e-03 1.803371147874796565e-04 9.727203192450537550e-01
-6.000000000000000472e-02 2.089296130854038577e-03 2.142799682499729828e-04 7.376797602527730424e-01
-6.700000000000000400e-02 2.089296130854038577e-03 2.639524128984657128e-04 6.513490946272803006e-01
-7.400000000000001021e-02 2.089296130854038577e-03 3.319771599712178687e-04 6.078323128297229427e-01
-8.100000000000001643e-02 2.089296130854038577e-03 4.226040720445862066e-04 5.831305113526225048e-01
-8.800000000000002265e-02 2.089296130854038577e-03 5.411565811351957316e-04 5.672228971644543982e-01
-9.500000000000000111e-02 2.089296130854038577e-03 6.940794663642308772e-04 5.517492376129122800e-01
-1.020000000000000073e-01 2.089296130854038577e-03 8.888234324588715129e-04 5.441714286865892980e-01
-1.090000000000000135e-01 2.089296130854038577e-03 1.133963148399484960e-03 5.366976945540475885e-01
-1.160000000000000198e-01 2.089296130854038577e-03 1.438981407633586809e-03 5.220567527846975420e-01
-1.230000000000000260e-01 2.089296130854038577e-03 1.814212975405218344e-03 5.148867450137492030e-01
-1.300000000000000044e-01 2.089296130854038577e-03 2.271379122703528347e-03 5.078152112327675161e-01
-1.370000000000000107e-01 2.089296130854038577e-03 2.818449923418200193e-03 5.008407989848212560e-01
-1.440000000000000169e-01 2.089296130854038577e-03 3.468162662765967002e-03 4.871780218794631301e-01
-1.510000000000000231e-01 2.089296130854038577e-03 4.228912074365110893e-03 4.804870439655128944e-01
-1.580000000000000016e-01 2.089296130854038577e-03 5.108073436845755183e-03 4.673795107992463338e-01
-1.650000000000000078e-01 2.089296130854038577e-03 6.105893707589301646e-03 4.609604486828433600e-01
-1.720000000000000140e-01 2.089296130854038577e-03 7.217716623358620687e-03 4.483855948021185922e-01
-1.790000000000000202e-01 2.089296130854038577e-03 8.442246131841347340e-03 4.361537789208005389e-01
-1.860000000000000264e-01 2.089296130854038577e-03 9.773486807979485033e-03 4.242556430717777660e-01
-1.930000000000000326e-01 2.089296130854038577e-03 1.119769269327523797e-02 4.184288507901580689e-01
-2.000000000000000111e-01 2.089296130854038577e-03 1.269691555681860123e-02 4.070142453219439127e-01
-2.500000000000000139e-02 2.511886431509579437e-03 1.644966305844945112e-04 1.535275028780422657e+00
-3.200000000000000067e-02 2.511886431509579437e-03 1.693402067018479680e-04 1.514189325304352129e+00
-3.900000000000000688e-02 2.511886431509579437e-03 1.768788749445845260e-04 1.452653925946781222e+00
-4.600000000000000616e-02 2.511886431509579437e-03 1.884604419961403662e-04 1.336983741824946614e+00
-5.300000000000000544e-02 2.511886431509579437e-03 2.068605042677342128e-04 1.086515774652538457e+00
-6.000000000000000472e-02 2.511886431509579437e-03 2.380921367367707471e-04 8.015006961565405152e-01
-6.700000000000000400e-02 2.511886431509579437e-03 2.861701251550443476e-04 6.789406812696112681e-01
-7.400000000000001021e-02 2.511886431509579437e-03 3.532710587893524547e-04 6.248788072006894456e-01
-8.100000000000001643e-02 2.511886431509579437e-03 4.433228863053840737e-04 5.912508413831875087e-01
-8.800000000000002265e-02 2.511886431509579437e-03 5.615614541393853035e-04 5.751217071841613349e-01
-9.500000000000000111e-02 2.511886431509579437e-03 7.144384877804386188e-04 5.594325706169377410e-01
-1.020000000000000073e-01 2.511886431509579437e-03 9.094154853414100799e-04 5.441714286865892980e-01
-1.090000000000000135e-01 2.511886431509579437e-03 1.155190069372655139e-03 5.366976945540475885e-01
-1.160000000000000198e-01 2.511886431509579437e-03 1.461356105848340536e-03 5.293266058360561743e-01
-1.230000000000000260e-01 2.511886431509579437e-03 1.838457277904052356e-03 5.148867450137492030e-01
-1.300000000000000044e-01 2.511886431509579437e-03 2.298441417491043932e-03 5.078152112327675161e-01
-1.370000000000000107e-01 2.511886431509579437e-03 2.849539987260802081e-03 5.008407989848212560e-01
-1.440000000000000169e-01 2.511886431509579437e-03 3.504753445228927285e-03 4.871780218794631301e-01
-1.510000000000000231e-01 2.511886431509579437e-03 4.272635722414876505e-03 4.804870439655128944e-01
-1.580000000000000016e-01 2.511886431509579437e-03 5.160660053979203125e-03 4.673795107992463338e-01
-1.650000000000000078e-01 2.511886431509579437e-03 6.168903049262756087e-03 4.609604486828433600e-01
-1.720000000000000140e-01 2.511886431509579437e-03 7.292438935768417660e-03 4.483855948021185922e-01
-1.790000000000000202e-01 2.511886431509579437e-03 8.529492719646203369e-03 4.361537789208005389e-01
-1.860000000000000264e-01 2.511886431509579437e-03 9.873502142304552837e-03 4.242556430717777660e-01
-1.930000000000000326e-01 2.511886431509579437e-03 1.131008328301843363e-02 4.184288507901580689e-01
-2.000000000000000111e-01 2.511886431509579437e-03 1.282097284160234676e-02 4.070142453219439127e-01
-2.500000000000000139e-02 3.019951720402016138e-03 1.969697109488848506e-04 1.393619274224142668e+00
-3.200000000000000067e-02 3.019951720402016138e-03 2.021020286614413409e-04 1.374479092677537428e+00
-3.900000000000000688e-02 3.019951720402016138e-03 2.099986533199877129e-04 1.336983741824946614e+00
-4.600000000000000616e-02 3.019951720402016138e-03 2.218596937310219599e-04 1.265033720395903005e+00
-5.300000000000000544e-02 3.019951720402016138e-03 2.398768455617015540e-04 1.116986818467823106e+00
-6.000000000000000472e-02 3.019951720402016138e-03 2.686833206916014504e-04 8.952657125996400511e-01
-6.700000000000000400e-02 3.019951720402016138e-03 3.142824186264737475e-04 7.275483529196231647e-01
-7.400000000000001021e-02 3.019951720402016138e-03 3.798515301089458408e-04 6.424033659394190465e-01
-8.100000000000001643e-02 3.019951720402016138e-03 4.689458819635404659e-04 6.078323128297229427e-01
-8.800000000000002265e-02 3.019951720402016138e-03 5.866105185542751449e-04 5.751217071841613349e-01
-9.500000000000000111e-02 3.019951720402016138e-03 7.392712638324679206e-04 5.594325706169377410e-01
-1.020000000000000073e-01 3.019951720402016138e-03 9.343939543501249105e-04 5.441714286865892980e-01
-1.090000000000000135e-01 3.019951720402016138e-03 1.180814550669886942e-03 5.366976945540475885e-01
-1.160000000000000198e-01 3.019951720402016138e-03 1.488250385083343024e-03 5.293266058360561743e-01
-1.230000000000000260e-01 3.019951720402016138e-03 1.867472367378430640e-03 5.148867450137492030e-01
-1.300000000000000044e-01 3.019951720402016138e-03 2.330724360905914692e-03 5.078152112327675161e-01
-1.370000000000000107e-01 3.019951720402016138e-03 2.886546751030258200e-03 5.008407989848212560e-01
-1.440000000000000169e-01 3.019951720402016138e-03 3.548263469374970600e-03 4.871780218794631301e-01
-1.510000000000000231e-01 3.019951720402016138e-03 4.324623091618845852e-03 4.804870439655128944e-01
-1.580000000000000016e-01 3.019951720402016138e-03 5.223225353114265002e-03 4.673795107992463338e-01
-1.650000000000000078e-01 3.019951720402016138e-03 6.243955115181673045e-03 4.546295469532399824e-01
-1.720000000000000140e-01 3.019951720402016138e-03 7.381514205796244239e-03 4.483855948021185922e-01
-1.790000000000000202e-01 3.019951720402016138e-03 8.633601122621932869e-03 4.361537789208005389e-01
-1.860000000000000264e-01 3.019951720402016138e-03 9.992956192361807793e-03 4.242556430717777660e-01
-1.930000000000000326e-01 3.019951720402016138e-03 1.144442626710072408e-02 4.184288507901580689e-01
-2.000000000000000111e-01 3.019951720402016138e-03 1.296940557999852819e-02 4.070142453219439127e-01
-2.500000000000000139e-02 3.630780547701014001e-03 2.359300142792233651e-04 1.247659552630869806e+00
-3.200000000000000067e-02 3.630780547701014001e-03 2.413749102535967916e-04 1.247659552630869806e+00
-3.900000000000000688e-02 3.630780547701014001e-03 2.496762499978176400e-04 1.230524004359261570e+00
-4.600000000000000616e-02 3.630780547701014001e-03 2.619466419048920220e-04 1.180516528568805068e+00
-5.300000000000000544e-02 3.630780547701014001e-03 2.800514908170401336e-04 1.101645949633656363e+00
-6.000000000000000472e-02 3.630780547701014001e-03 3.074449360058871430e-04 9.593608287093147169e-01
-6.700000000000000400e-02 3.630780547701014001e-03 3.500914857727107049e-04 7.796360130405237676e-01
-7.400000000000001021e-02 3.630780547701014001e-03 4.132761030403281875e-04 6.789406812696112681e-01
-8.100000000000001643e-02 3.630780547701014001e-03 5.008107277151542741e-04 6.162966255132942273e-01
-8.800000000000002265e-02 3.630780547701014001e-03 6.174955573247304427e-04 5.912508413831875087e-01
-9.500000000000000111e-02 3.630780547701014001e-03 7.696596963467212905e-04 5.672228971644543982e-01
-1.020000000000000073e-01 3.630780547701014001e-03 9.647892754180530236e-04 5.517492376129122800e-01
-1.090000000000000135e-01 3.630780547701014001e-03 1.211789746413088247e-03 5.366976945540475885e-01
-1.160000000000000198e-01 3.630780547701014001e-03 1.520589175605479735e-03 5.293266058360561743e-01
-1.230000000000000260e-01 3.630780547701014001e-03 1.902192870329949418e-03 5.148867450137492030e-01
-1.300000000000000044e-01 3.630780547701014001e-03 2.369202320888171009e-03 5.078152112327675161e-01
-1.370000000000000107e-01 3.630780547701014001e-03 2.930530676940659111e-03 5.008407989848212560e-01
-1.440000000000000169e-01 3.630780547701014001e-03 3.599899762308076626e-03 4.871780218794631301e-01
-1.510000000000000231e-01 3.630780547701014001e-03 4.386294943126026712e-03 4.804870439655128944e-01
-1.580000000000000016e-01 3.630780547701014001e-03 5.297481383277248199e-03 4.673795107992463338e-01
-1.650000000000000078e-01 3.630780547701014001e-03 6.333134467299640635e-03 4.546295469532399824e-01
-1.720000000000000140e-01 3.630780547701014001e-03 7.487435541532825277e-03 4.483855948021185922e-01
-1.790000000000000202e-01 3.630780547701014001e-03 8.757529069830868526e-03 4.361537789208005389e-01
-1.860000000000000264e-01 3.630780547701014001e-03 1.013529019806606521e-02 4.242556430717777660e-01
-1.930000000000000326e-01 3.630780547701014001e-03 1.160469781408616022e-02 4.126820845702956486e-01
-2.000000000000000111e-01 3.630780547701014001e-03 1.314661882235902690e-02 4.070142453219439127e-01
-2.500000000000000139e-02 4.365158322401660983e-03 2.826566151197636091e-04 1.101645949633656363e+00
-3.200000000000000067e-02 4.365158322401660983e-03 2.884410324813075862e-04 1.101645949633656363e+00
-3.900000000000000688e-02 4.365158322401660983e-03 2.972011419449910557e-04 1.101645949633656363e+00
-4.600000000000000616e-02 4.365158322401660983e-03 3.099908786429293067e-04 1.086515774652538457e+00
-5.300000000000000544e-02 4.365158322401660983e-03 3.284308250708093064e-04 1.042360673976401753e+00
-6.000000000000000472e-02 4.365158322401660983e-03 3.552805657938717422e-04 9.593608287093147169e-01
-6.700000000000000400e-02 4.365158322401660983e-03 3.954932282227417739e-04 8.239785684528518894e-01
-7.400000000000001021e-02 4.365158322401660983e-03 4.555393337243657725e-04 7.077010661181889484e-01
-8.100000000000001643e-02 4.365158322401660983e-03 5.406789438286491905e-04 6.424033659394190465e-01
-8.800000000000002265e-02 4.365158322401660983e-03 6.557661939012911917e-04 5.994842503189408145e-01
-9.500000000000000111e-02 4.365158322401660983e-03 8.069820813940652409e-04 5.751217071841613349e-01
-1.020000000000000073e-01 4.365158322401660983e-03 1.001845761615191175e-03 5.517492376129122800e-01
-1.090000000000000135e-01 4.365158322401660983e-03 1.249298397269158140e-03 5.366976945540475885e-01
-1.160000000000000198e-01 4.365158322401660983e-03 1.559511893981552384e-03 5.293266058360561743e-01
-1.230000000000000260e-01 4.365158322401660983e-03 1.943744180792078644e-03 5.148867450137492030e-01
-1.300000000000000044e-01 4.365158322401660983e-03 2.415028568967138647e-03 5.078152112327675161e-01
-1.370000000000000107e-01 4.365158322401660983e-03 2.982725253353331243e-03 5.008407989848212560e-01
-1.440000000000000169e-01 4.365158322401660983e-03 3.661044254808911835e-03 4.871780218794631301e-01
-1.510000000000000231e-01 4.365158322401660983e-03 4.459259990937957698e-03 4.804870439655128944e-01
-1.580000000000000016e-01 4.365158322401660983e-03 5.385353793354493053e-03 4.673795107992463338e-01
-1.650000000000000078e-01 4.365158322401660983e-03 6.438750783555216399e-03 4.546295469532399824e-01
-1.720000000000000140e-01 4.365158322401660983e-03 7.612995752976753870e-03 4.483855948021185922e-01
-1.790000000000000202e-01 4.365158322401660983e-03 8.904590946078249150e-03 4.361537789208005389e-01
-1.860000000000000264e-01 4.365158322401660983e-03 1.030437077533110507e-02 4.242556430717777660e-01
-1.930000000000000326e-01 4.365158322401660983e-03 1.179534667950495573e-02 4.126820845702956486e-01
-2.000000000000000111e-01 4.365158322401660983e-03 1.335758477248965431e-02 4.070142453219439127e-01
-2.500000000000000139e-02 5.248074602497722861e-03 3.386733021019410666e-04 9.727203192450537550e-01
-3.200000000000000067e-02 5.248074602497722861e-03 3.448145085161700724e-04 9.862658461312820979e-01
-3.900000000000000688e-02 5.248074602497722861e-03 3.540439497125539995e-04 9.862658461312820979e-01
-4.600000000000000616e-02 5.248074602497722861e-03 3.674048362636568956e-04 1.000000000000000000e+00
-5.300000000000000544e-02 5.248074602497722861e-03 3.863591958341841743e-04 9.862658461312820979e-01
-6.000000000000000472e-02 5.248074602497722861e-03 4.132371947391178988e-04 9.331897715733238341e-01
-6.700000000000000400e-02 5.248074602497722861e-03 4.520369154265621971e-04 8.470868266557403103e-01
-7.400000000000001021e-02 5.248074602497722861e-03 5.089377344947108167e-04 7.479522515621821466e-01
-8.100000000000001643e-02 5.248074602497722861e-03 5.907887426736366417e-04 6.696160054853221855e-01
-8.800000000000002265e-02 5.248074602497722861e-03 7.034088757231669268e-04 6.162966255132942273e-01
-9.500000000000000111e-02 5.248074602497722861e-03 8.530421412059484461e-04 5.831305113526225048e-01
-1.020000000000000073e-01 5.248074602497722861e-03 1.047176901472018050e-03 5.594325706169377410e-01
-1.090000000000000135e-01 5.248074602497722861e-03 1.294840140018474256e-03 5.441714286865892980e-01
-1.160000000000000198e-01 5.248074602497722861e-03 1.606424647696337278e-03 5.293266058360561743e-01
-1.230000000000000260e-01 5.248074602497722861e-03 1.993491622538100510e-03 5.148867450137492030e-01
-1.300000000000000044e-01 5.248074602497722861e-03 2.469575412830517062e-03 5.078152112327675161e-01
-1.370000000000000107e-01 5.248074602497722861e-03 3.044594296149022265e-03 4.939621743878321314e-01
-1.440000000000000169e-01 5.248074602497722861e-03 3.733275938285755824e-03 4.871780218794631301e-01
-1.510000000000000231e-01 5.248074602497722861e-03 4.545327081203264646e-03 4.804870439655128944e-01
-1.580000000000000016e-01 5.248074602497722861e-03 5.488984035588268147e-03 4.673795107992463338e-01
-1.650000000000000078e-01 5.248074602497722861e-03 6.563375825691336249e-03 4.546295469532399824e-01
-1.720000000000000140e-01 5.248074602497722861e-03 7.761272273029026086e-03 4.483855948021185922e-01
-1.790000000000000202e-01 5.248074602497722861e-03 9.078437851769129152e-03 4.361537789208005389e-01
-1.860000000000000264e-01 5.248074602497722861e-03 1.050445938983194348e-02 4.242556430717777660e-01
-1.930000000000000326e-01 5.248074602497722861e-03 1.202121126952698620e-02 4.126820845702956486e-01
-2.000000000000000111e-01 5.248074602497722861e-03 1.360782714726735051e-02 4.014242490499321803e-01
-2.500000000000000139e-02 6.309573444801930275e-03 4.058168677769938499e-04 8.588828559546249908e-01
-3.200000000000000067e-02 6.309573444801930275e-03 4.122736368786811419e-04 8.708431497690723999e-01
-3.900000000000000688e-02 6.309573444801930275e-03 4.219703874574728172e-04 8.829699955494092478e-01
-4.600000000000000616e-02 6.309573444801930275e-03 4.359207120110759805e-04 8.952657125996400511e-01
-5.300000000000000544e-02 6.309573444801930275e-03 4.555131304430060611e-04 8.952657125996400511e-01
-6.000000000000000472e-02 6.309573444801930275e-03 4.827949640736464211e-04 8.829699955494092478e-01
-6.700000000000000400e-02 6.309573444801930275e-03 5.210588050339816672e-04 8.470868266557403103e-01
-7.400000000000001021e-02 6.309573444801930275e-03 5.756184309400560637e-04 7.689283720758313123e-01
-8.100000000000001643e-02 6.309573444801930275e-03 6.537999843113795210e-04 6.883952069645495886e-01
-8.800000000000002265e-02 6.309573444801930275e-03 7.629991351835494580e-04 6.335804992658248258e-01
-9.500000000000000111e-02 6.309573444801930275e-03 9.101411018624892000e-04 5.912508413831875087e-01
-1.020000000000000073e-01 6.309573444801930275e-03 1.102850425242548693e-03 5.672228971644543982e-01
-1.090000000000000135e-01 6.309573444801930275e-03 1.350321918130358663e-03 5.441714286865892980e-01
-1.160000000000000198e-01 6.309573444801930275e-03 1.663078950759378904e-03 5.293266058360561743e-01
-1.230000000000000260e-01 6.309573444801930275e-03 2.053107761655917785e-03 5.148867450137492030e-01
-1.300000000000000044e-01 6.309573444801930275e-03 2.534489845603533388e-03 5.078152112327675161e-01
-1.370000000000000107e-01 6.309573444801930275e-03 3.117807639842422752e-03 4.939621743878321314e-01
-1.440000000000000169e-01 6.309573444801930275e-03 3.818401001467492707e-03 4.871780218794631301e-01
-1.510000000000000231e-01 6.309573444801930275e-03 4.646603051209293768e-03 4.738879609717656094e-01
-1.580000000000000016e-01 6.309573444801930275e-03 5.610728422711329204e-03 4.673795107992463338e-01
-1.650000000000000078e-01 6.309573444801930275e-03 6.709809702029938261e-03 4.546295469532399824e-01
-1.720000000000000140e-01 6.309573444801930275e-03 7.935663383493623060e-03 4.422273980505901370e-01
-1.790000000000000202e-01 6.309573444801930275e-03 9.283009731041678633e-03 4.361537789208005389e-01
-1.860000000000000264e-01 6.309573444801930275e-03 1.074015252411797405e-02 4.242556430717777660e-01
-1.930000000000000326e-01 6.309573444801930275e-03 1.228757169631602975e-02 4.126820845702956486e-01
-2.000000000000000111e-01 6.309573444801930275e-03 1.390359686309757155e-02 4.014242490499321803e-01
-2.500000000000000139e-02 7.585775750291835935e-03 4.861967719680463360e-04 7.479522515621821466e-01
-3.200000000000000067e-02 7.585775750291835935e-03 4.929424291829280318e-04 7.583677914997190017e-01
-3.900000000000000688e-02 7.585775750291835935e-03 5.030763902976396725e-04 7.796360130405237676e-01
-4.600000000000000616e-02 7.585775750291835935e-03 5.176134245106893969e-04 8.015006961565405152e-01
-5.300000000000000544e-02 7.585775750291835935e-03 5.379020533491635616e-04 8.126619200091945716e-01
-6.000000000000000472e-02 7.585775750291835935e-03 5.657886889454941982e-04 8.239785684528518894e-01
-6.700000000000000400e-02 7.585775750291835935e-03 6.041188402738885063e-04 8.126619200091945716e-01
-7.400000000000001021e-02 7.585775750291835935e-03 6.573907384600355180e-04 7.689283720758313123e-01
-8.100000000000001643e-02 7.585775750291835935e-03 7.324054878120655815e-04 7.077010661181889484e-01
-8.800000000000002265e-02 7.585775750291835935e-03 8.375664208396165020e-04 6.513490946272803006e-01
-9.500000000000000111e-02 7.585775750291835935e-03 9.811680348290620877e-04 6.078323128297229427e-01
-1.020000000000000073e-01 7.585775750291835935e-03 1.171531246917245726e-03 5.751217071841613349e-01
-1.090000000000000135e-01 7.585775750291835935e-03 1.418087839729713015e-03 5.517492376129122800e-01
-1.160000000000000198e-01 7.585775750291835935e-03 1.731668094790173983e-03 5.293266058360561743e-01
-1.230000000000000260e-01 7.585775750291835935e-03 2.124656209903929682e-03 5.148867450137492030e-01
-1.300000000000000044e-01 7.585775750291835935e-03 2.611763101778455040e-03 5.078152112327675161e-01
-1.370000000000000107e-01 7.585775750291835935e-03 3.204346994369366205e-03 4.939621743878321314e-01
-1.440000000000000169e-01 7.585775750291835935e-03 3.918486535476701713e-03 4.871780218794631301e-01
-1.510000000000000231e-01 7.585775750291835935e-03 4.765285101256556272e-03 4.738879609717656094e-01
-1.580000000000000016e-01 7.585775750291835935e-03 5.753146734986251329e-03 4.673795107992463338e-01
-1.650000000000000078e-01 7.585775750291835935e-03 6.881042267057203149e-03 4.546295469532399824e-01
-1.720000000000000140e-01 7.585775750291835935e-03 8.139756967661834069e-03 4.422273980505901370e-01
-1.790000000000000202e-01 7.585775750291835935e-03 9.522437529484333030e-03 4.361537789208005389e-01
-1.860000000000000264e-01 7.585775750291835935e-03 1.101626012572173331e-02 4.242556430717777660e-01
-1.930000000000000326e-01 7.585775750291835935e-03 1.259995080585451545e-02 4.126820845702956486e-01
-2.000000000000000111e-01 7.585775750291835935e-03 1.425093702396656135e-02 4.014242490499321803e-01
-2.500000000000000139e-02 9.120108393559096804e-03 5.824826222580356235e-04 6.424033659394190465e-01
-3.200000000000000067e-02 9.120108393559096804e-03 5.894256275558899328e-04 6.604193962330305867e-01
-3.900000000000000688e-02 9.120108393559096804e-03 5.998572006609365157e-04 6.789406812696112681e-01
-4.600000000000000616e-02 9.120108393559096804e-03 6.148495581391006867e-04 7.077010661181889484e-01
-5.300000000000000544e-02 9.120108393559096804e-03 6.357697880934657080e-04 7.275483529196231647e-01
-6.000000000000000472e-02 9.120108393559096804e-03 6.643776650914756665e-04 7.479522515621821466e-01
-6.700000000000000400e-02 9.120108393559096804e-03 7.031891958495277905e-04 7.583677914997190017e-01
-7.400000000000001021e-02 9.120108393559096804e-03 7.560689051179211905e-04 7.479522515621821466e-01
-8.100000000000001643e-02 9.120108393559096804e-03 8.289940718076568241e-04 7.175560918936928489e-01
-8.800000000000002265e-02 9.120108393559096804e-03 9.303051461770088428e-04 6.696160054853221855e-01
-9.500000000000000111e-02 9.120108393559096804e-03 1.069605923086971392e-03 6.162966255132942273e-01
-1.020000000000000073e-01 9.120108393559096804e-03 1.256519898825357888e-03 5.831305113526225048e-01
-1.090000000000000135e-01 9.120108393559096804e-03 1.501224124311385409e-03 5.517492376129122800e-01
-1.160000000000000198e-01 9.120108393559096804e-03 1.814989663120801034e-03 5.366976945540475885e-01
-1.230000000000000260e-01 9.120108393559096804e-03 2.210727978154921215e-03 5.220567527846975420e-01
-1.300000000000000044e-01 9.120108393559096804e-03 2.703823387475388310e-03 5.078152112327675161e-01
-1.370000000000000107e-01 9.120108393559096804e-03 3.306574457368553245e-03 4.939621743878321314e-01
-1.440000000000000169e-01 9.120108393559096804e-03 4.035913664079876506e-03 4.871780218794631301e-01
-1.510000000000000231e-01 9.120108393559096804e-03 4.903883362483462023e-03 4.738879609717656094e-01
-1.580000000000000016e-01 9.120108393559096804e-03 5.919064551810402849e-03 4.609604486828433600e-01
-1.650000000000000078e-01 9.120108393559096804e-03 7.080213896085573930e-03 4.546295469532399824e-01
-1.720000000000000140e-01 9.120108393559096804e-03 8.377105937439255703e-03 4.422273980505901370e-01
-1.790000000000000202e-01 9.120108393559096804e-03 9.801226003171424617e-03 4.301635758106794882e-01
-1.860000000000000264e-01 9.120108393559096804e-03 1.133764941735800232e-02 4.242556430717777660e-01
-1.930000000000000326e-01 9.120108393559096804e-03 1.296392645388273583e-02 4.126820845702956486e-01
-2.000000000000000111e-01 9.120108393559096804e-03 1.465617393287297829e-02 4.014242490499321803e-01
-2.500000000000000139e-02 1.096478196143185063e-02 6.976667060856390655e-04 5.594325706169377410e-01
-3.200000000000000067e-02 1.096478196143185063e-02 7.046472437792522959e-04 5.751217071841613349e-01
-3.900000000000000688e-02 1.096478196143185063e-02 7.152541787922977188e-04 5.912508413831875087e-01
-4.600000000000000616e-02 1.096478196143185063e-02 7.306063100024729829e-04 6.162966255132942273e-01
-5.300000000000000544e-02 1.096478196143185063e-02 7.520611420954439671e-04 6.424033659394190465e-01
-6.000000000000000472e-02 1.096478196143185063e-02 7.813478045130758942e-04 6.696160054853221855e-01
-6.700000000000000400e-02 1.096478196143185063e-02 8.208108434740656002e-04 6.979813907830659803e-01
-7.400000000000001021e-02 1.096478196143185063e-02 8.738906327426320493e-04 7.077010661181889484e-01
-8.100000000000001643e-02 1.096478196143185063e-02 9.458182374693905768e-04 6.979813907830659803e-01
-8.800000000000002265e-02 1.096478196143185063e-02 1.044229367045885690e-03 6.696160054853221855e-01
-9.500000000000000111e-02 1.096478196143185063e-02 1.179156310572575250e-03 6.248788072006894456e-01
-1.020000000000000073e-01 1.096478196143185063e-02 1.361714193540345405e-03 5.912508413831875087e-01
-1.090000000000000135e-01 1.096478196143185063e-02 1.603441517658183834e-03 5.594325706169377410e-01
-1.160000000000000198e-01 1.096478196143185063e-02 1.916502314899443159e-03 5.366976945540475885e-01
-1.230000000000000260e-01 1.096478196143185063e-02 2.314508670248316760e-03 5.220567527846975420e-01
-1.300000000000000044e-01 1.096478196143185063e-02 2.813646447153608354e-03 5.078152112327675161e-01
-1.370000000000000107e-01 1.096478196143185063e-02 3.427320298110391600e-03 4.939621743878321314e-01
-1.440000000000000169e-01 1.096478196143185063e-02 4.173502745706237152e-03 4.804870439655128944e-01
-1.510000000000000231e-01 1.096478196143185063e-02 5.065202829636534371e-03 4.738879609717656094e-01
-1.580000000000000016e-01 1.096478196143185063e-02 6.111555616234149932e-03 4.609604486828433600e-01
-1.650000000000000078e-01 1.096478196143185063e-02 7.310627021529093710e-03 4.483855948021185922e-01
-1.720000000000000140e-01 1.096478196143185063e-02 8.651370783210586904e-03 4.422273980505901370e-01
-1.790000000000000202e-01 1.096478196143185063e-02 1.012341155589831405e-02 4.301635758106794882e-01
-1.860000000000000264e-01 1.096478196143185063e-02 1.170958236977115950e-02 4.184288507901580689e-01
-1.930000000000000326e-01 1.096478196143185063e-02 1.338513416641215828e-02 4.070142453219439127e-01
-2.000000000000000111e-01 1.096478196143185063e-02 1.512539669757673177e-02 4.014242490499321803e-01
-2.500000000000000139e-02 1.318256738556407466e-02 8.355082603034566296e-04 4.804870439655128944e-01
-3.200000000000000067e-02 1.318256738556407466e-02 8.424315115860916709e-04 4.939621743878321314e-01
-3.900000000000000688e-02 1.318256738556407466e-02 8.529809704194320219e-04 5.148867450137492030e-01
-4.600000000000000616e-02 1.318256738556407466e-02 8.683594502973438715e-04 5.366976945540475885e-01
-5.300000000000000544e-02 1.318256738556407466e-02 8.900181516817956117e-04 5.672228971644543982e-01
-6.000000000000000472e-02 1.318256738556407466e-02 9.198160410384519916e-04 5.994842503189408145e-01
-6.700000000000000400e-02 1.318256738556407466e-02 9.599964490583140411e-04 6.335804992658248258e-01
-7.400000000000001021e-02 1.318256738556407466e-02 1.013648195121420780e-03 6.513490946272803006e-01
-8.100000000000001643e-02 1.318256738556407466e-02 1.085379713809543623e-03 6.604193962330305867e-01
-8.800000000000002265e-02 1.318256738556407466e-02 1.182066759488062347e-03 6.513490946272803006e-01
-9.500000000000000111e-02 1.318256738556407466e-02 1.313396102090291827e-03 6.248788072006894456e-01
-1.020000000000000073e-01 1.318256738556407466e-02 1.491333918221543573e-03 5.994842503189408145e-01
-1.090000000000000135e-01 1.318256738556407466e-02 1.729104083818878892e-03 5.672228971644543982e-01
-1.160000000000000198e-01 1.318256738556407466e-02 2.040350293328998914e-03 5.441714286865892980e-01
-1.230000000000000260e-01 1.318256738556407466e-02 2.439881247548561158e-03 5.220567527846975420e-01
-1.300000000000000044e-01 1.318256738556407466e-02 2.944853149978352101e-03 5.078152112327675161e-01
-1.370000000000000107e-01 1.318256738556407466e-02 3.569969462601616829e-03 4.939621743878321314e-01
-1.440000000000000169e-01 1.318256738556407466e-02 4.334508758691985909e-03 4.804870439655128944e-01
-1.510000000000000231e-01 1.318256738556407466e-02 5.252395908553792944e-03 4.673795107992463338e-01
-1.580000000000000016e-01 1.318256738556407466e-02 6.333647202497793248e-03 4.609604486828433600e-01
-1.650000000000000078e-01 1.318256738556407466e-02 7.575874337249509372e-03 4.483855948021185922e-01
-1.720000000000000140e-01 1.318256738556407466e-02 8.966320723624521261e-03 4.361537789208005389e-01
-1.790000000000000202e-01 1.318256738556407466e-02 1.049284605202005158e-02 4.301635758106794882e-01
-1.860000000000000264e-01 1.318256738556407466e-02 1.213611358597827851e-02 4.184288507901580689e-01
-1.930000000000000326e-01 1.318256738556407466e-02 1.386886492106995106e-02 4.070142453219439127e-01
-2.000000000000000111e-01 1.318256738556407466e-02 1.566516381161164526e-02 3.959110266468458539e-01
-2.500000000000000139e-02 1.584893192461113431e-02 1.000462635428191974e-03 4.070142453219439127e-01
-3.200000000000000067e-02 1.584893192461113431e-02 1.007044235859661570e-03 4.184288507901580689e-01
-3.900000000000000688e-02 1.584893192461113431e-02 1.017205844498441205e-03 4.422273980505901370e-01
-4.600000000000000616e-02 1.584893192461113431e-02 1.032269953299523027e-03 4.673795107992463338e-01
-5.300000000000000544e-02 1.584893192461113431e-02 1.053876498801698978e-03 4.939621743878321314e-01
-6.000000000000000472e-02 1.584893192461113431e-02 1.083826418970043962e-03 5.293266058360561743e-01
-6.700000000000000400e-02 1.584893192461113431e-02 1.124336687096567445e-03 5.594325706169377410e-01
-7.400000000000001021e-02 1.584893192461113431e-02 1.178549279746339464e-03 5.912508413831875087e-01
-8.100000000000001643e-02 1.584893192461113431e-02 1.250625271396288906e-03 6.162966255132942273e-01
-8.800000000000002265e-02 1.584893192461113431e-02 1.346632817742768416e-03 6.248788072006894456e-01
-9.500000000000000111e-02 1.584893192461113431e-02 1.475597694003502819e-03 6.162966255132942273e-01
-1.020000000000000073e-01 1.584893192461113431e-02 1.649517628360030541e-03 5.912508413831875087e-01
-1.090000000000000135e-01 1.584893192461113431e-02 1.882937243431701338e-03 5.672228971644543982e-01
-1.160000000000000198e-01 1.584893192461113431e-02 2.191420914264824351e-03 5.441714286865892980e-01
-1.230000000000000260e-01 1.584893192461113431e-02 2.591461974820965467e-03 5.220567527846975420e-01
-1.300000000000000044e-01 1.584893192461113431e-02 3.101744968111521100e-03 5.078152112327675161e-01
-1.370000000000000107e-01 1.584893192461113431e-02 3.738496771755690177e-03 4.939621743878321314e-01
-1.440000000000000169e-01 1.584893192461113431e-02 4.522539924277822580e-03 4.804870439655128944e-01
-1.510000000000000231e-01 1.584893192461113431e-02 5.469149702336003997e-03 4.673795107992463338e-01
-1.580000000000000016e-01 1.584893192461113431e-02 6.588812542115710276e-03 4.546295469532399824e-01
-1.650000000000000078e-01 1.584893192461113431e-02 7.878874140280081942e-03 4.422273980505901370e-01
-1.720000000000000140e-01 1.584893192461113431e-02 9.325403645962187724e-03 4.361537789208005389e-01
-1.790000000000000202e-01 1.584893192461113431e-02 1.091365804950732675e-02 4.242556430717777660e-01
-1.860000000000000264e-01 1.584893192461113431e-02 1.262136836808455502e-02 4.126820845702956486e-01
-1.930000000000000326e-01 1.584893192461113431e-02 1.441899575516344956e-02 4.014242490499321803e-01
-2.000000000000000111e-01 1.584893192461113431e-02 1.627926556424618906e-02 3.904735236885560345e-01
-2.500000000000000139e-02 1.905460717963247327e-02 1.197589670958419455e-03 3.447764054734464012e-01
-3.200000000000000067e-02 1.905460717963247327e-02 1.203668187234443196e-03 3.593813663804625858e-01
-3.900000000000000688e-02 1.905460717963247327e-02 1.213224717350234712e-03 3.746050032748993175e-01
-4.600000000000000616e-02 1.905460717963247327e-02 1.227657500204320943e-03 4.014242490499321803e-01
-5.300000000000000544e-02 1.905460717963247327e-02 1.248534751995092427e-03 4.301635758106794882e-01
-6.000000000000000472e-02 1.905460717963247327e-02 1.277960701129937388e-03 4.609604486828433600e-01
-6.700000000000000400e-02 1.905460717963247327e-02 1.318527239916130909e-03 5.008407989848212560e-01
-7.400000000000001021e-02 1.905460717963247327e-02 1.373024770252002187e-03 5.293266058360561743e-01
-8.100000000000001643e-02 1.905460717963247327e-02 1.445392312947933831e-03 5.594325706169377410e-01
-8.800000000000002265e-02 1.905460717963247327e-02 1.541308955495694633e-03 5.831305113526225048e-01
-9.500000000000000111e-02 1.905460717963247327e-02 1.669023457559991146e-03 5.912508413831875087e-01
-1.020000000000000073e-01 1.905460717963247327e-02 1.840087682829663921e-03 5.831305113526225048e-01
-1.090000000000000135e-01 1.905460717963247327e-02 2.069547271355205807e-03 5.594325706169377410e-01
-1.160000000000000198e-01 1.905460717963247327e-02 2.374735737028326171e-03 5.441714286865892980e-01
-1.230000000000000260e-01 1.905460717963247327e-02 2.774403625443775702e-03 5.220567527846975420e-01
-1.300000000000000044e-01 1.905460717963247327e-02 3.289256220841426694e-03 5.008407989848212560e-01
-1.370000000000000107e-01 1.905460717963247327e-02 3.937552243535711108e-03 4.871780218794631301e-01
-1.440000000000000169e-01 1.905460717963247327e-02 4.741826354420125393e-03 4.738879609717656094e-01
-1.510000000000000231e-01 1.905460717963247327e-02 5.718967553053651634e-03 4.609604486828433600e-01
-1.580000000000000016e-01 1.905460717963247327e-02 6.880357387213952014e-03 4.483855948021185922e-01
-1.650000000000000078e-01 1.905460717963247327e-02 8.223217971974467605e-03 4.422273980505901370e-01
-1.720000000000000140e-01 1.905460717963247327e-02 9.731501229069291353e-03 4.301635758106794882e-01
-1.790000000000000202e-01 1.905460717963247327e-02 1.138820259929652044e-02 4.184288507901580689e-01
-1.860000000000000264e-01 1.905460717963247327e-02 1.316804519540775396e-02 4.070142453219439127e-01
-1.930000000000000326e-01 1.905460717963247327e-02 1.503870878545476852e-02 3.959110266468458539e-01
-2.000000000000000111e-01 1.905460717963247327e-02 1.697143295105250568e-02 3.851107002325572792e-01
-2.500000000000000139e-02 2.290867652767773419e-02 1.433165195150680905e-03 2.961225437988034281e-01
-3.200000000000000067e-02 2.290867652767773419e-02 1.438646224792629411e-03 3.044272212064302874e-01
-3.900000000000000688e-02 2.290867652767773419e-02 1.447299492834756059e-03 3.217418150676371047e-01
-4.600000000000000616e-02 2.290867652767773419e-02 1.460463459578379211e-03 3.400411932703706341e-01
-5.300000000000000544e-02 2.290867652767773419e-02 1.480009934555573999e-03 3.694601205199302130e-01
-6.000000000000000472e-02 2.290867652767773419e-02 1.508384714038923892e-03 4.014242490499321803e-01
-6.700000000000000400e-02 2.290867652767773419e-02 1.547969448972577166e-03 4.361537789208005389e-01
-7.400000000000001021e-02 2.290867652767773419e-02 1.602009098943087172e-03 4.738879609717656094e-01
-8.100000000000001643e-02 2.290867652767773419e-02 1.674516485368766905e-03 5.078152112327675161e-01
-8.800000000000002265e-02 2.290867652767773419e-02 1.770477734298955960e-03 5.366976945540475885e-01
-9.500000000000000111e-02 2.290867652767773419e-02 1.897646395597971060e-03 5.517492376129122800e-01
-1.020000000000000073e-01 2.290867652767773419e-02 2.066914383788404693e-03 5.517492376129122800e-01
-1.090000000000000135e-01 2.290867652767773419e-02 2.293320186128385441e-03 5.441714286865892980e-01
-1.160000000000000198e-01 2.290867652767773419e-02 2.595364642098254085e-03 5.293266058360561743e-01
-1.230000000000000260e-01 2.290867652767773419e-02 2.994052272685147550e-03 5.148867450137492030e-01
-1.300000000000000044e-01 2.290867652767773419e-02 3.512638202678818392e-03 5.008407989848212560e-01
-1.370000000000000107e-01 2.290867652767773419e-02 4.171926713923421529e-03 4.804870439655128944e-01
-1.440000000000000169e-01 2.290867652767773419e-02 4.996744754357249421e-03 4.673795107992463338e-01
-1.510000000000000231e-01 2.290867652767773419e-02 6.005845003129682384e-03 4.546295469532399824e-01
-1.580000000000000016e-01 2.290867652767773419e-02 7.211690965255841169e-03 4.422273980505901370e-01
-1.650000000000000078e-01 2.290867652767773419e-02 8.611095400443568096e-03 4.361537789208005389e-01
-1.720000000000000140e-01 2.290867652767773419e-02 1.018651461381487981e-02 4.242556430717777660e-01
-1.790000000000000202e-01 2.290867652767773419e-02 1.191818610365929891e-02 4.126820845702956486e-01
-1.860000000000000264e-01 2.290867652767773419e-02 1.377755272044382112e-02 4.014242490499321803e-01
-1.930000000000000326e-01 2.290867652767773419e-02 1.572925074733123180e-02 3.904735236885560345e-01
-2.000000000000000111e-01 2.290867652767773419e-02 1.774283466467768688e-02 3.798215306190735885e-01
-2.500000000000000139e-02 2.754228703338166065e-02 1.714587854492591757e-03 2.473964100886814066e-01
-3.200000000000000067e-02 2.754228703338166065e-02 1.719187632592417960e-03 2.578762887593800679e-01
-3.900000000000000688e-02 2.754228703338166065e-02 1.726509380934482078e-03 2.725432531281027915e-01
-4.600000000000000616e-02 2.754228703338166065e-02 1.738006411895823711e-03 2.920555512182744784e-01
-5.300000000000000544e-02 2.754228703338166065e-02 1.755764333342282098e-03 3.129648010670750269e-01
-6.000000000000000472e-02 2.754228703338166065e-02 1.781929900337086373e-03 3.447764054734464012e-01
-6.700000000000000400e-02 2.754228703338166065e-02 1.819550491367993893e-03 3.798215306190735885e-01
-7.400000000000001021e-02 2.754228703338166065e-02 1.872238026824337483e-03 4.126820845702956486e-01
-8.100000000000001643e-02 2.754228703338166065e-02 1.943634717911611525e-03 4.483855948021185922e-01
-8.800000000000002265e-02 2.754228703338166065e-02 2.039207258380510909e-03 4.804870439655128944e-01
-9.500000000000000111e-02 2.754228703338166065e-02 2.166045836237112231e-03 5.078152112327675161e-01
-1.020000000000000073e-01 2.754228703338166065e-02 2.334276108783963320e-03 5.220567527846975420e-01
-1.090000000000000135e-01 2.754228703338166065e-02 2.558577684267737337e-03 5.220567527846975420e-01
-1.160000000000000198e-01 2.754228703338166065e-02 2.858048765694615970e-03 5.148867450137492030e-01
-1.230000000000000260e-01 2.754228703338166065e-02 3.255510913430300669e-03 5.008407989848212560e-01
-1.300000000000000044e-01 2.754228703338166065e-02 3.777172659076063772e-03 4.871780218794631301e-01
-1.370000000000000107e-01 2.754228703338166065e-02 4.446743329618102307e-03 4.738879609717656094e-01
-1.440000000000000169e-01 2.754228703338166065e-02 5.291779607792097828e-03 4.609604486828433600e-01
-1.510000000000000231e-01 2.754228703338166065e-02 6.333405223150853983e-03 4.483855948021185922e-01
-1.580000000000000016e-01 2.754228703338166065e-02 7.585421433683100893e-03 4.361537789208005389e-01
-1.650000000000000078e-01 2.754228703338166065e-02 9.044413102903783863e-03 4.242556430717777660e-01
-1.720000000000000140e-01 2.754228703338166065e-02 1.069107605833125550e-02 4.126820845702956486e-01
-1.790000000000000202e-01 2.754228703338166065e-02 1.250297977434949859e-02 4.014242490499321803e-01
-1.860000000000000264e-01 2.754228703338166065e-02 1.444820458644467676e-02 3.959110266468458539e-01
-1.930000000000000326e-01 2.754228703338166065e-02 1.648824210065254550e-02 3.851107002325572792e-01
-2.000000000000000111e-01 2.754228703338166065e-02 1.859048102593753929e-02 3.746050032748993175e-01
-2.500000000000000139e-02 3.311311214825911342e-02 2.050153049594931332e-03 2.095662399480432980e-01
-3.200000000000000067e-02 3.311311214825911342e-02 2.053625470307901893e-03 2.184436071149428449e-01
-3.900000000000000688e-02 3.311311214825911342e-02 2.059454546648468304e-03 2.308677994187169624e-01
-4.600000000000000616e-02 3.311311214825911342e-02 2.069084344701328793e-03 2.473964100886814066e-01
-5.300000000000000544e-02 3.311311214825911342e-02 2.084132541367554343e-03 2.688001021537607671e-01
-6.000000000000000472e-02 3.311311214825911342e-02 2.107205706264406782e-03 2.920555512182744784e-01
-6.700000000000000400e-02 3.311311214825911342e-02 2.141801521923625447e-03 3.262222009711669979e-01
-7.400000000000001021e-02 3.311311214825911342e-02 2.191286237825632206e-03 3.593813663804625858e-01
-8.100000000000001643e-02 3.311311214825911342e-02 2.260521972876557671e-03 3.959110266468458539e-01
-8.800000000000002265e-02 3.311311214825911342e-02 2.354411305091762448e-03 4.301635758106794882e-01
-9.500000000000000111e-02 3.311311214825911342e-02 2.479918046796991855e-03 4.609604486828433600e-01
-1.020000000000000073e-01 3.311311214825911342e-02 2.647127409525620867e-03 4.804870439655128944e-01
-1.090000000000000135e-01 3.311311214825911342e-02 2.869875878634789955e-03 4.939621743878321314e-01
-1.160000000000000198e-01 3.311311214825911342e-02 3.167394837401687081e-03 4.939621743878321314e-01
-1.230000000000000260e-01 3.311311214825911342e-02 3.563818581308225361e-03 4.871780218794631301e-01
-1.300000000000000044e-01 3.311311214825911342e-02 4.087912303579402905e-03 4.738879609717656094e-01
-1.370000000000000107e-01 3.311311214825911342e-02 4.766758121804766206e-03 4.609604486828433600e-01
-1.440000000000000169e-01 3.311311214825911342e-02 5.631145515343629476e-03 4.483855948021185922e-01
-1.510000000000000231e-01 3.311311214825911342e-02 6.704844517243902825e-03 4.361537789208005389e-01
-1.580000000000000016e-01 3.311311214825911342e-02 8.003328819126994190e-03 4.242556430717777660e-01
-1.650000000000000078e-01 3.311311214825911342e-02 9.523348091650585615e-03 4.126820845702956486e-01
-1.720000000000000140e-01 3.311311214825911342e-02 1.124405695228551487e-02 4.014242490499321803e-01
-1.790000000000000202e-01 3.311311214825911342e-02 1.314028602554407829e-02 3.904735236885560345e-01
-1.860000000000000264e-01 3.311311214825911342e-02 1.517651059086585000e-02 3.798215306190735885e-01
-1.930000000000000326e-01 3.311311214825911342e-02 1.731076025206606389e-02 3.694601205199302130e-01
-2.000000000000000111e-01 3.311311214825911342e-02 1.950864011911982582e-02 3.593813663804625858e-01
-2.500000000000000139e-02 3.981071705534973415e-02 2.449596577929081392e-03 1.775208011717634149e-01
-3.200000000000000067e-02 3.981071705534973415e-02 2.451962791035285690e-03 1.850407019542301967e-01
-3.900000000000000688e-02 3.981071705534973415e-02 2.456202207706815500e-03 1.955650715865949185e-01
-4.600000000000000616e-02 3.981071705534973415e-02 2.463324007047112702e-03 2.095662399480432980e-01
-5.300000000000000544e-02 3.981071705534973415e-02 2.475067984794214991e-03 2.276970255381680075e-01
-6.000000000000000472e-02 3.981071705534973415e-02 2.494436050679248607e-03 2.508415059277541159e-01
-6.700000000000000400e-02 3.981071705534973415e-02 2.524347920541973080e-03 2.763385290053169685e-01
-7.400000000000001021e-02 3.981071705534973415e-02 2.569326995896892979e-03 3.086664943337274480e-01
-8.100000000000001643e-02 3.981071705534973415e-02 2.634064423807665374e-03 3.400411932703706341e-01
-8.800000000000002265e-02 3.981071705534973415e-02 2.724324778190801918e-03 3.798215306190735885e-01
-9.500000000000000111e-02 3.981071705534973415e-02 2.847445772410585243e-03 4.070142453219439127e-01
-1.020000000000000073e-01 3.981071705534973415e-02 3.012446233615110117e-03 4.361537789208005389e-01
-1.090000000000000135e-01 3.981071705534973415e-02 3.233151765583437004e-03 4.546295469532399824e-01
-1.160000000000000198e-01 3.981071705534973415e-02 3.528752506374191293e-03 4.609604486828433600e-01
-1.230000000000000260e-01 3.981071705534973415e-02 3.924067644967927856e-03 4.609604486828433600e-01
-1.300000000000000044e-01 3.981071705534973415e-02 4.449946261459308827e-03 4.546295469532399824e-01
-1.370000000000000107e-01 3.981071705534973415e-02 5.136939468641243955e-03 4.422273980505901370e-01
-1.440000000000000169e-01 3.981071705534973415e-02 6.019058355233460576e-03 4.301635758106794882e-01
-1.510000000000000231e-01 3.981071705534973415e-02 7.123190230996105654e-03 4.184288507901580689e-01
-1.580000000000000016e-01 3.981071705534973415e-02 8.466912447726364713e-03 4.070142453219439127e-01
-1.650000000000000078e-01 3.981071705534973415e-02 1.004748391589812932e-02 3.959110266468458539e-01
-1.720000000000000140e-01 3.981071705534973415e-02 1.184280035178351259e-02 3.851107002325572792e-01
-1.790000000000000202e-01 3.981071705534973415e-02 1.382514372788942042e-02 3.746050032748993175e-01
-1.860000000000000264e-01 3.981071705534973415e-02 1.595554545619198503e-02 3.643858983763544335e-01
-1.930000000000000326e-01 3.981071705534973415e-02 1.818857611824703166e-02 3.544455673970435816e-01
-2.000000000000000111e-01 3.981071705534973415e-02 2.048714520583156534e-02 3.447764054734464012e-01
-2.500000000000000139e-02 4.786300923226382426e-02 2.924541323909535164e-03 1.503755321299738434e-01
-3.200000000000000067e-02 4.786300923226382426e-02 2.925643441034481412e-03 1.567455410205594868e-01
-3.900000000000000688e-02 4.786300923226382426e-02 2.927876860225929381e-03 1.633853877809862132e-01
-4.600000000000000616e-02 4.786300923226382426e-02 2.932060392545397451e-03 1.750827031735725237e-01
-5.300000000000000544e-02 4.786300923226382426e-02 2.940276341129932809e-03 1.928791508020777645e-01
-6.000000000000000472e-02 4.786300923226382426e-02 2.954767905190151638e-03 2.124845352498882789e-01
-6.700000000000000400e-02 4.786300923226382426e-02 2.978894350261389930e-03 2.340827276178294170e-01
-7.400000000000001021e-02 4.786300923226382426e-02 3.017525129704932193e-03 2.614673211801092356e-01
-8.100000000000001643e-02 4.786300923226382426e-02 3.075584540606930879e-03 2.961225437988034281e-01
-8.800000000000002265e-02 4.786300923226382426e-02 3.159982155216557037e-03 3.262222009711669979e-01
-9.500000000000000111e-02 4.786300923226382426e-02 3.277595091283291590e-03 3.593813663804625858e-01
-1.020000000000000073e-01 4.786300923226382426e-02 3.438694450159997772e-03 3.904735236885560345e-01
-1.090000000000000135e-01 4.786300923226382426e-02 3.656301704098616906e-03 4.126820845702956486e-01
-1.160000000000000198e-01 4.786300923226382426e-02 3.949152700409784035e-03 4.242556430717777660e-01
-1.230000000000000260e-01 4.786300923226382426e-02 4.342584237064316122e-03 4.301635758106794882e-01
-1.300000000000000044e-01 4.786300923226382426e-02 4.869307392434657489e-03 4.242556430717777660e-01
-1.370000000000000107e-01 4.786300923226382426e-02 5.562393986958252649e-03 4.184288507901580689e-01
-1.440000000000000169e-01 4.786300923226382426e-02 6.459666773219204135e-03 4.070142453219439127e-01
-1.510000000000000231e-01 4.786300923226382426e-02 7.591303146187030997e-03 3.959110266468458539e-01
-1.580000000000000016e-01 4.786300923226382426e-02 8.977413397750813248e-03 3.851107002325572792e-01
-1.650000000000000078e-01 4.786300923226382426e-02 1.061619034991423058e-02 3.746050032748993175e-01
-1.720000000000000140e-01 4.786300923226382426e-02 1.248466012151035198e-02 3.643858983763544335e-01
-1.790000000000000202e-01 4.786300923226382426e-02 1.455282315779773787e-02 3.544455673970435816e-01
-1.860000000000000264e-01 4.786300923226382426e-02 1.677810133211404126e-02 3.447764054734464012e-01
-1.930000000000000326e-01 4.786300923226382426e-02 1.911121096816169665e-02 3.353710152002928879e-01
-2.000000000000000111e-01 4.786300923226382426e-02 2.151237889093522010e-02 3.262222009711669979e-01
-2.500000000000000139e-02 5.754399373371569398e-02 3.487788555631545460e-03 1.256316602474120137e-01
-3.200000000000000067e-02 5.754399373371569398e-02 3.487393688480508371e-03 1.309535020482667789e-01
-3.900000000000000688e-02 5.754399373371569398e-02 3.487242729382522468e-03 1.384016096573131571e-01
-4.600000000000000616e-02 5.754399373371569398e-02 3.488480732101940235e-03 1.483102514336104294e-01
-5.300000000000000544e-02 5.754399373371569398e-02 3.492543012123363808e-03 1.611414277253019889e-01
-6.000000000000000472e-02 5.754399373371569398e-02 3.501216408990438008e-03 1.775208011717634149e-01
-6.700000000000000400e-02 5.754399373371569398e-02 3.518805384341633456e-03 1.982883949127071388e-01
-7.400000000000001021e-02 5.754399373371569398e-02 3.549041181123273239e-03 2.245697995539774339e-01
-8.100000000000001643e-02 5.754399373371569398e-02 3.598537713726504723e-03 2.508415059277541159e-01
-8.800000000000002265e-02 5.754399373371569398e-02 3.673499249061513375e-03 2.801866556459195468e-01
-9.500000000000000111e-02 5.754399373371569398e-02 3.783157611382675055e-03 3.129648010670750269e-01
-1.020000000000000073e-01 5.754399373371569398e-02 3.936851837458890321e-03 3.400411932703706341e-01
-1.090000000000000135e-01 5.754399373371569398e-02 4.148274682296794989e-03 3.643858983763544335e-01
-1.160000000000000198e-01 5.754399373371569398e-02 4.436476138236800440e-03 3.851107002325572792e-01
-1.230000000000000260e-01 5.754399373371569398e-02 4.826542539314753952e-03 3.904735236885560345e-01
-1.300000000000000044e-01 5.754399373371569398e-02 5.352013907394294334e-03 3.959110266468458539e-01
-1.370000000000000107e-01 5.754399373371569398e-02 6.048833077922423709e-03 3.904735236885560345e-01
-1.440000000000000169e-01 5.754399373371569398e-02 6.957941273457153228e-03 3.798215306190735885e-01
-1.510000000000000231e-01 5.754399373371569398e-02 8.113209803203689022e-03 3.694601205199302130e-01
-1.580000000000000016e-01 5.754399373371569398e-02 9.537724494434953945e-03 3.593813663804625858e-01
-1.650000000000000078e-01 5.754399373371569398e-02 1.123090489907655788e-02 3.495775574363275129e-01
-1.720000000000000140e-01 5.754399373371569398e-02 1.316887590863754197e-02 3.400411932703706341e-01
-1.790000000000000202e-01 5.754399373371569398e-02 1.531918317810114158e-02 3.307649780744242318e-01
-1.860000000000000264e-01 5.754399373371569398e-02 1.763598896136863228e-02 3.217418150676371047e-01
-1.930000000000000326e-01 5.754399373371569398e-02 2.006746469251072251e-02 3.173229634734976434e-01
-2.000000000000000111e-01 5.754399373371569398e-02 2.257074165685881220e-02 3.086664943337274480e-01
-2.500000000000000139e-02 6.918309709189365830e-02 4.153752934289863495e-03 1.064209244064724669e-01
-3.200000000000000067e-02 6.918309709189365830e-02 4.151576583558571829e-03 1.109289864895222771e-01
-3.900000000000000688e-02 6.918309709189365830e-02 4.149179009352021996e-03 1.172381803286598606e-01
-4.600000000000000616e-02 6.918309709189365830e-02 4.147132599774429329e-03 1.256316602474120137e-01
-5.300000000000000544e-02 6.918309709189365830e-02 4.146124586776893731e-03 1.365007806546013613e-01
-6.000000000000000472e-02 6.918309709189365830e-02 4.148800797362527798e-03 1.503755321299738434e-01
-6.700000000000000400e-02 6.918309709189365830e-02 4.158346298161395144e-03 1.679674872092653259e-01
-7.400000000000001021e-02 6.918309709189365830e-02 4.179122957729635573e-03 1.902301188668943932e-01
-8.100000000000001643e-02 6.918309709189365830e-02 4.217348068646068968e-03 2.154434690031884481e-01
-8.800000000000002265e-02 6.918309709189365830e-02 4.280604752199727338e-03 2.406475150015423836e-01
-9.500000000000000111e-02 6.918309709189365830e-02 4.378066638595902622e-03 2.688001021537607671e-01
-1.020000000000000073e-01 6.918309709189365830e-02 4.520466732217127970e-03 2.961225437988034281e-01
-1.090000000000000135e-01 6.918309709189365830e-02 4.722613758224597329e-03 3.217418150676371047e-01
-1.160000000000000198e-01 6.918309709189365830e-02 5.002343859444788148e-03 3.400411932703706341e-01
-1.230000000000000260e-01 6.918309709189365830e-02 5.385769590336658350e-03 3.544455673970435816e-01
-1.300000000000000044e-01 6.918309709189365830e-02 5.907214468213875698e-03 3.593813663804625858e-01
-1.370000000000000107e-01 6.918309709189365830e-02 6.604556730741753708e-03 3.544455673970435816e-01
-1.440000000000000169e-01 6.918309709189365830e-02 7.521865248197744450e-03 3.495775574363275129e-01
-1.510000000000000231e-01 6.918309709189365830e-02 8.696300013510053009e-03 3.400411932703706341e-01
-1.580000000000000016e-01 6.918309709189365830e-02 1.015365398170544990e-02 3.307649780744242318e-01
-1.650000000000000078e-01 6.918309709189365830e-02 1.189459405056814481e-02 3.217418150676371047e-01
-1.720000000000000140e-01 6.918309709189365830e-02 1.389491258947850479e-02 3.129648010670750269e-01
-1.790000000000000202e-01 6.918309709189365830e-02 1.612065626416648439e-02 3.086664943337274480e-01
-1.860000000000000264e-01 6.918309709189365830e-02 1.852369751810291343e-02 3.002461709085549324e-01
-1.930000000000000326e-01 6.918309709189365830e-02 2.104851958167346451e-02 2.920555512182744784e-01
-2.000000000000000111e-01 6.918309709189365830e-02 2.365029410380652813e-02 2.840883690183304000e-01
-2.500000000000000139e-02 8.317637711026708291e-02 4.938709989827095616e-03 9.014776314524917955e-02
-3.200000000000000067e-02 8.317637711026708291e-02 4.934960178287628105e-03 9.396648314954690606e-02
-3.900000000000000688e-02 8.317637711026708291e-02 4.929949490852875149e-03 9.931091813749801100e-02
-4.600000000000000616e-02 8.317637711026708291e-02 4.923709443141625029e-03 1.064209244064724669e-01
-5.300000000000000544e-02 8.317637711026708291e-02 4.917441847521860677e-03 1.156280131207376577e-01
-6.000000000000000472e-02 8.317637711026708291e-02 4.913441912939780359e-03 1.273811323186478384e-01
-6.700000000000000400e-02 8.317637711026708291e-02 4.913685681089065456e-03 1.422830457214353250e-01
-7.400000000000001021e-02 8.317637711026708291e-02 4.923916846497754241e-03 1.611414277253019889e-01
-8.100000000000001643e-02 8.317637711026708291e-02 4.948832100053875138e-03 1.824993244816152382e-01
-8.800000000000002265e-02 8.317637711026708291e-02 4.997652669811031290e-03 2.066880249629082233e-01
-9.500000000000000111e-02 8.317637711026708291e-02 5.079170280825799286e-03 2.308677994187169624e-01
-1.020000000000000073e-01 8.317637711026708291e-02 5.206492359715701734e-03 2.578762887593800679e-01
-1.090000000000000135e-01 8.317637711026708291e-02 5.393529040915489951e-03 2.801866556459195468e-01
-1.160000000000000198e-01 8.317637711026708291e-02 5.660656672039062441e-03 3.002461709085549324e-01
-1.230000000000000260e-01 8.317637711026708291e-02 6.033680716988174160e-03 3.129648010670750269e-01
-1.300000000000000044e-01 8.317637711026708291e-02 6.547420838832810480e-03 3.217418150676371047e-01
-1.370000000000000107e-01 8.317637711026708291e-02 7.241211936771042683e-03 3.217418150676371047e-01
-1.440000000000000169e-01 8.317637711026708291e-02 8.161543133452563506e-03 3.173229634734976434e-01
-1.510000000000000231e-01 8.317637711026708291e-02 9.348897661901429609e-03 3.129648010670750269e-01
-1.580000000000000016e-01 8.317637711026708291e-02 1.083176438286932025e-02 3.044272212064302874e-01
-1.650000000000000078e-01 8.317637711026708291e-02 1.261257021722021060e-02 2.961225437988034281e-01
-1.720000000000000140e-01 8.317637711026708291e-02 1.466747624364407414e-02 2.880444153396297668e-01
-1.790000000000000202e-01 8.317637711026708291e-02 1.696121485366250403e-02 2.801866556459195468e-01
-1.860000000000000264e-01 8.317637711026708291e-02 1.944270514872926264e-02 2.725432531281027915e-01
-1.930000000000000326e-01 8.317637711026708291e-02 2.205367663863358821e-02 2.688001021537607671e-01
-2.000000000000000111e-01 8.317637711026708291e-02 2.474743226335200316e-02 2.614673211801092356e-01
-2.500000000000000139e-02 1.000000000000000056e-01 5.861046726047368892e-03 7.636298261282241373e-02
-3.200000000000000067e-02 1.000000000000000056e-01 5.855186451413264478e-03 7.959777002314985528e-02
-3.900000000000000688e-02 1.000000000000000056e-01 5.846767483392376584e-03 8.412497049736118726e-02
-4.600000000000000616e-02 1.000000000000000056e-01 5.836100328641971591e-03 9.014776314524917955e-02
-5.300000000000000544e-02 1.000000000000000056e-01 5.824465892863457672e-03 9.794696670695396401e-02
-6.000000000000000472e-02 1.000000000000000056e-01 5.812242491115970390e-03 1.079028791516183639e-01
-6.700000000000000400e-02 1.000000000000000056e-01 5.803037008172883850e-03 1.205260936870842653e-01
-7.400000000000001021e-02 1.000000000000000056e-01 5.800625245074132220e-03 1.365007806546013613e-01
-8.100000000000001643e-02 1.000000000000000056e-01 5.811283493512058029e-03 1.545927736419477061e-01
-8.800000000000002265e-02 1.000000000000000056e-01 5.842509637028070989e-03 1.750827031735725237e-01
-9.500000000000000111e-02 1.000000000000000056e-01 5.905478817739771326e-03 1.982883949127071388e-01
-1.020000000000000073e-01 1.000000000000000056e-01 6.012353968869147032e-03 2.184436071149428449e-01
-1.090000000000000135e-01 1.000000000000000056e-01 6.180203023856349620e-03 2.439986297259550130e-01
-1.160000000000000198e-01 1.000000000000000056e-01 6.180203015794117315e-03 2.439986297259550130e-01
-1.230000000000000260e-01 1.000000000000000056e-01 6.785854330268030823e-03 2.763385290053169685e-01
-1.300000000000000044e-01 1.000000000000000056e-01 7.286139030603966046e-03 2.840883690183304000e-01
-1.370000000000000107e-01 1.000000000000000056e-01 7.971260336738549349e-03 2.880444153396297668e-01
-1.440000000000000169e-01 1.000000000000000056e-01 8.889190043282962223e-03 2.840883690183304000e-01
-1.510000000000000231e-01 1.000000000000000056e-01 1.008359943070435451e-02 2.801866556459195468e-01
-1.580000000000000016e-01 1.000000000000000056e-01 1.158534289704581284e-02 2.725432531281027915e-01
-1.650000000000000078e-01 1.000000000000000056e-01 1.339847810291569866e-02 2.651083601908538756e-01
-1.720000000000000140e-01 1.000000000000000056e-01 1.549882966214210026e-02 2.578762887593800679e-01
-1.790000000000000202e-01 1.000000000000000056e-01 1.784948252981062924e-02 2.543345761304648400e-01
-1.860000000000000264e-01 1.000000000000000056e-01 2.039787521850737126e-02 2.473964100886814066e-01
-1.930000000000000326e-01 1.000000000000000056e-01 2.308311353831985283e-02 2.406475150015423836e-01
-2.000000000000000111e-01 1.000000000000000056e-01 2.585681514300586237e-02 2.373424250023866144e-01
