-2.500000000000000139e-02 1.000000000000000021e-03 5.062145510170008823e-05 6.365079081295578201e-01
-3.200000000000000067e-02 1.000000000000000021e-03 7.454357950867776062e-05 6.365079081295578201e-01
-3.900000000000000688e-02 1.000000000000000021e-03 1.062616188309994827e-04 6.365079081295578201e-01
-4.600000000000000616e-02 1.000000000000000021e-03 1.483754180953050555e-04 6.365079081295578201e-01
-5.300000000000000544e-02 1.000000000000000021e-03 2.044836283735806135e-04 6.365079081295578201e-01
-6.000000000000000472e-02 1.000000000000000021e-03 2.795722808660111797e-04 6.134621717992506662e-01
-6.700000000000000400e-02 1.000000000000000021e-03 3.803826358049973194e-04 6.134621717992506662e-01
-7.400000000000001021e-02 1.000000000000000021e-03 5.159934145246402714e-04 6.134621717992506662e-01
-8.100000000000001643e-02 1.000000000000000021e-03 6.984904509915079891e-04 6.134621717992506662e-01
-8.800000000000002265e-02 1.000000000000000021e-03 9.439826277472277913e-04 5.912508413831881748e-01
-9.500000000000000111e-02 1.000000000000000021e-03 1.272705198438508524e-03 5.912508413831881748e-01
-1.020000000000000073e-01 1.000000000000000021e-03 1.710004664539085863e-03 5.698437059469135813e-01
-1.090000000000000135e-01 1.000000000000000021e-03 2.286391624348287077e-03 5.698437059469135813e-01
-1.160000000000000198e-01 1.000000000000000021e-03 3.036268741521558085e-03 5.492116483887790057e-01
-1.230000000000000260e-01 1.000000000000000021e-03 3.995507987053723183e-03 5.293266058360567294e-01
-1.300000000000000044e-01 1.000000000000000021e-03 5.199324478686136695e-03 5.293266058360567294e-01
-1.370000000000000107e-01 1.000000000000000021e-03 6.675417166385140370e-03 5.101615314749834429e-01
-1.440000000000000169e-01 1.000000000000000021e-03 8.437589553139694318e-03 4.916903577628031208e-01
-1.510000000000000231e-01 1.000000000000000021e-03 1.048115260774607448e-02 4.738879609717651098e-01
-1.580000000000000016e-01 1.000000000000000021e-03 1.277842031933196058e-02 4.567301270168747096e-01
-1.650000000000000078e-01 1.000000000000000021e-03 1.527824225027654519e-02 4.401935185208878942e-01
-1.720000000000000140e-01 1.000000000000000021e-03 1.790974898884749658e-02 4.242556430717777660e-01
-1.790000000000000202e-01 1.000000000000000021e-03 2.058980098689095969e-02 4.088948226294863986e-01
-1.860000000000000264e-01 1.000000000000000021e-03 2.323247142846254776e-02 3.940901640403447481e-01
-1.930000000000000326e-01 1.000000000000000021e-03 2.576232563047537935e-02 3.940901640403447481e-01
-2.000000000000000111e-01 1.000000000000000021e-03 2.811867257191641087e-02 3.798215306190735885e-01
-2.500000000000000139e-02 1.202264434617413003e-03 5.761334851834406596e-05 6.365079081295578201e-01
-3.200000000000000067e-02 1.202264434617413003e-03 8.297755972690042364e-05 6.365079081295578201e-01
-3.900000000000000688e-02 1.202264434617413003e-03 1.162931795841451953e-04 6.365079081295578201e-01
-4.600000000000000616e-02 1.202264434617413003e-03 1.602014232051453323e-04 6.365079081295578201e-01
-5.300000000000000544e-02 1.202264434617413003e-03 2.183456653397247184e-04 6.134621717992506662e-01
-6.000000000000000472e-02 1.202264434617413003e-03 2.957726289214020719e-04 6.134621717992506662e-01
-6.700000000000000400e-02 1.202264434617413003e-03 3.992403370552923469e-04 6.134621717992506662e-01
-7.400000000000001021e-02 1.202264434617413003e-03 5.378732574226537414e-04 6.134621717992506662e-01
-8.100000000000001643e-02 1.202264434617413003e-03 7.237761419220656561e-04 6.134621717992506662e-01
-8.800000000000002265e-02 1.202264434617413003e-03 9.731138080403479084e-04 5.912508413831881748e-01
-9.500000000000000111e-02 1.202264434617413003e-03 1.305976949503454519e-03 5.912508413831881748e-01
-1.020000000000000073e-01 1.202264434617413003e-03 1.747744253259756993e-03 5.698437059469135813e-01
-1.090000000000000135e-01 1.202264434617413003e-03 2.328594841300599735e-03 5.698437059469135813e-01
-1.160000000000000198e-01 1.202264434617413003e-03 3.082901704689540098e-03 5.492116483887790057e-01
-1.230000000000000260e-01 1.202264434617413003e-03 4.046123891739235832e-03 5.293266058360567294e-01
-1.300000000000000044e-01 1.202264434617413003e-03 5.252894025427952418e-03 5.293266058360567294e-01
-1.370000000000000107e-01 1.202264434617413003e-03 6.730964854077360789e-03 5.101615314749834429e-01
-1.440000000000000169e-01 1.202264434617413003e-03 8.493642770357266725e-03 4.916903577628031208e-01
-1.510000000000000231e-01 1.202264434617413003e-03 1.053606926617750919e-02 4.738879609717651098e-01
-1.580000000000000016e-01 1.202264434617413003e-03 1.283056969984425720e-02 4.567301270168747096e-01
-1.650000000000000078e-01 1.202264434617413003e-03 1.532619895554470334e-02 4.401935185208878942e-01
-1.720000000000000140e-01 1.202264434617413003e-03 1.795245397338064708e-02 4.242556430717777660e-01
-1.790000000000000202e-01 1.202264434617413003e-03 2.062665253193032150e-02 4.088948226294863986e-01
-1.860000000000000264e-01 1.202264434617413003e-03 2.326333163979460786e-02 3.940901640403447481e-01
-1.930000000000000326e-01 1.202264434617413003e-03 2.578721899674429191e-02 3.940901640403447481e-01
-2.000000000000000111e-01 1.202264434617413003e-03 2.813842864820446932e-02 3.798215306190735885e-01
-2.500000000000000139e-02 1.445439770745927987e-03 6.656308291433665769e-05 6.365079081295578201e-01
-3.200000000000000067e-02 1.445439770745927987e-03 9.365003152822053134e-05 6.365079081295578201e-01
-3.900000000000000688e-02 1.445439770745927987e-03 1.288748851756027784e-04 6.365079081295578201e-01
-4.600000000000000616e-02 1.445439770745927987e-03 1.749278478734423684e-04 6.365079081295578201e-01
-5.300000000000000544e-02 1.445439770745927987e-03 2.355201711893080039e-04 6.134621717992506662e-01
-6.000000000000000472e-02 1.445439770745927987e-03 3.157277740082510141e-04 6.134621717992506662e-01
-6.700000000000000400e-02 1.445439770745927987e-03 4.223681033297018968e-04 6.134621717992506662e-01
-7.400000000000001021e-02 1.445439770745927987e-03 5.646061359884046137e-04 6.134621717992506662e-01
-8.100000000000001643e-02 1.445439770745927987e-03 7.545778047565701759e-04 5.912508413831881748e-01
-8.800000000000002265e-02 1.445439770745927987e-03 1.008487693997922683e-03 5.912508413831881748e-01
-9.500000000000000111e-02 1.445439770745927987e-03 1.346274141368933221e-03 5.912508413831881748e-01
-1.020000000000000073e-01 1.445439770745927987e-03 1.793352427237529653e-03 5.698437059469135813e-01
-1.090000000000000135e-01 1.445439770745927987e-03 2.379495104871455404e-03 5.698437059469135813e-01
-1.160000000000000198e-01 1.445439770745927987e-03 3.139051384576451754e-03 5.492116483887790057e-01
-1.230000000000000260e-01 1.445439770745927987e-03 4.106983183490484773e-03 5.293266058360567294e-01
-1.300000000000000044e-01 1.445439770745927987e-03 5.317223833195652491e-03 5.293266058360567294e-01
-1.370000000000000107e-01 1.445439770745927987e-03 6.797606494626456421e-03 5.101615314749834429e-01
-1.440000000000000169e-01 1.445439770745927987e-03 8.560840948436546430e-03 4.916903577628031208e-01
-1.510000000000000231e-01 1.445439770745927987e-03 1.060186902732574224e-02 4.738879609717651098e-01
-1.580000000000000016e-01 1.445439770745927987e-03 1.289303105153153696e-02 4.567301270168747096e-01
-1.650000000000000078e-01 1.445439770745927987e-03 1.538362693906708024e-02 4.401935185208878942e-01
-1.720000000000000140e-01 1.445439770745927987e-03 1.800358973825062076e-02 4.242556430717777660e-01
-1.790000000000000202e-01 1.445439770745927987e-03 2.067078142002624214e-02 4.088948226294863986e-01
-1.860000000000000264e-01 1.445439770745927987e-03 2.330029108741221364e-02 3.940901640403447481e-01
-1.930000000000000326e-01 1.445439770745927987e-03 2.581703778591231194e-02 3.940901640403447481e-01
-2.000000000000000111e-01 1.445439770745927987e-03 2.816209952331204941e-02 3.798215306190735885e-01
-2.500000000000000139e-02 1.737800828749376265e-03 7.809278535538332982e-05 6.365079081295578201e-01
-3.200000000000000067e-02 1.737800828749376265e-03 1.072350090133526040e-04 6.365079081295578201e-01
-3.900000000000000688e-02 1.737800828749376265e-03 1.447386714857166622e-04 6.365079081295578201e-01
-4.600000000000000616e-02 1.737800828749376265e-03 1.933518081444767661e-04 6.365079081295578201e-01
-5.300000000000000544e-02 1.737800828749376265e-03 2.568690525001939267e-04 6.134621717992506662e-01
-6.000000000000000472e-02 1.737800828749376265e-03 3.403942018307015054e-04 6.134621717992506662e-01
-6.700000000000000400e-02 1.737800828749376265e-03 4.508168154860870661e-04 6.134621717992506662e-01
-7.400000000000001021e-02 1.737800828749376265e-03 5.973484331935229779e-04 6.134621717992506662e-01
-8.100000000000001643e-02 1.737800828749376265e-03 7.922127771130363936e-04 5.912508413831881748e-01
-8.800000000000002265e-02 1.737800828749376265e-03 1.051508476984870264e-03 5.912508413831881748e-01
-9.500000000000000111e-02 1.737800828749376265e-03 1.395135799061654122e-03 5.912508413831881748e-01
-1.020000000000000073e-01 1.737800828749376265e-03 1.848513033527223511e-03 5.698437059469135813e-01
-1.090000000000000135e-01 1.737800828749376265e-03 2.440912306020539147e-03 5.698437059469135813e-01
-1.160000000000000198e-01 1.737800828749376265e-03 3.206671357685253292e-03 5.492116483887790057e-01
-1.230000000000000260e-01 1.737800828749376265e-03 4.180153351512857704e-03 5.293266058360567294e-01
-1.300000000000000044e-01 1.737800828749376265e-03 5.394630725508232569e-03 5.101615314749834429e-01
-1.370000000000000107e-01 1.737800828749376265e-03 6.877520457733807269e-03 5.101615314749834429e-01
-1.440000000000000169e-01 1.737800828749376265e-03 8.641351710330919325e-03 4.916903577628031208e-01
-1.510000000000000231e-01 1.737800828749376265e-03 1.068065363959193152e-02 4.738879609717651098e-01
-1.580000000000000016e-01 1.737800828749376265e-03 1.296778636505239481e-02 4.567301270168747096e-01
-1.650000000000000078e-01 1.737800828749376265e-03 1.545234180269266025e-02 4.401935185208878942e-01
-1.720000000000000140e-01 1.737800828749376265e-03 1.806477113809988946e-02 4.242556430717777660e-01
-1.790000000000000202e-01 1.737800828749376265e-03 2.072358259002511985e-02 4.088948226294863986e-01
-1.860000000000000264e-01 1.737800828749376265e-03 2.334452113350587998e-02 3.940901640403447481e-01
-1.930000000000000326e-01 1.737800828749376265e-03 2.585273034493782915e-02 3.940901640403447481e-01
-2.000000000000000111e-01 1.737800828749376265e-03 2.819044152667892281e-02 3.798215306190735885e-01
-2.500000000000000139e-02 2.089296130854038577e-03 9.303988633686473048e-05 6.365079081295578201e-01
-3.200000000000000067e-02 2.089296130854038577e-03 1.246301676948963308e-04 6.365079081295578201e-01
-3.900000000000000688e-02 2.089296130854038577e-03 1.648495848731623594e-04 6.365079081295578201e-01
-4.600000000000000616e-02 2.089296130854038577e-03 2.165296178612946521e-04 6.134621717992506662e-01
-5.300000000000000544e-02 2.089296130854038577e-03 2.835216559338734721e-04 6.134621717992506662e-01
-6.000000000000000472e-02 2.089296130854038577e-03 3.709985080030935717e-04 6.134621717992506662e-01
-6.700000000000000400e-02 2.089296130854038577e-03 4.859222489369593306e-04 6.134621717992506662e-01
-7.400000000000001021e-02 2.089296130854038577e-03 6.375573918964286876e-04 6.134621717992506662e-01
-8.100000000000001643e-02 2.089296130854038577e-03 8.382375390255755081e-04 5.912508413831881748e-01
-8.800000000000002265e-02 2.089296130854038577e-03 1.103917265743844514e-03 5.912508413831881748e-01
-9.500000000000000111e-02 2.089296130854038577e-03 1.454455326247878436e-03 5.912508413831881748e-01
-1.020000000000000073e-01 2.089296130854038577e-03 1.915283019396503547e-03 5.698437059469135813e-01
-1.090000000000000135e-01 2.089296130854038577e-03 2.515054043909771293e-03 5.698437059469135813e-01
-1.160000000000000198e-01 2.089296130854038577e-03 3.288116968932378557e-03 5.492116483887790057e-01
-1.230000000000000260e-01 2.089296130854038577e-03 4.268113426466085998e-03 5.293266058360567294e-01
-1.300000000000000044e-01 2.089296130854038577e-03 5.487719552085506061e-03 5.101615314749834429e-01
-1.370000000000000107e-01 2.089296130854038577e-03 6.973294832375622095e-03 5.101615314749834429e-01
-1.440000000000000169e-01 2.089296130854038577e-03 8.737742061196976037e-03 4.916903577628031208e-01
-1.510000000000000231e-01 2.089296130854038577e-03 1.077490607763326169e-02 4.738879609717651098e-01
-1.580000000000000016e-01 2.089296130854038577e-03 1.305717332517653852e-02 4.567301270168747096e-01
-1.650000000000000078e-01 2.089296130854038577e-03 1.553448307406222681e-02 4.401935185208878942e-01
-1.720000000000000140e-01 2.089296130854038577e-03 1.813790068166417149e-02 4.242556430717777660e-01
-1.790000000000000202e-01 2.089296130854038577e-03 2.078669996285341035e-02 4.088948226294863986e-01
-1.860000000000000264e-01 2.089296130854038577e-03 2.339740322835780900e-02 3.940901640403447481e-01
-1.930000000000000326e-01 2.089296130854038577e-03 2.589541618344319909e-02 3.940901640403447481e-01
-2.000000000000000111e-01 2.089296130854038577e-03 2.822434862837306865e-02 3.798215306190735885e-01
-2.500000000000000139e-02 2.511886431509579437e-03 1.125328145996094863e-04 6.365079081295578201e-01
-3.200000000000000067e-02 2.511886431509579437e-03 1.470333132732480001e-04 6.365079081295578201e-01
-3.900000000000000688e-02 2.511886431509579437e-03 1.904909158504742900e-04 6.134621717992506662e-01
-4.600000000000000616e-02 2.511886431509579437e-03 2.458244896745630063e-04 6.134621717992506662e-01
-5.300000000000000544e-02 2.511886431509579437e-03 3.169440021604671650e-04 6.134621717992506662e-01
-6.000000000000000472e-02 2.511886431509579437e-03 4.091186220898800248e-04 6.134621717992506662e-01
-6.700000000000000400e-02 2.511886431509579437e-03 5.293874335654530491e-04 6.134621717992506662e-01
-7.400000000000001021e-02 2.511886431509579437e-03 6.870744348751070367e-04 6.134621717992506662e-01
-8.100000000000001643e-02 2.511886431509579437e-03 8.946519202981919250e-04 5.912508413831881748e-01
-8.800000000000002265e-02 2.511886431509579437e-03 1.167876981662906112e-03 5.912508413831881748e-01
-9.500000000000000111e-02 2.511886431509579437e-03 1.526589760525333102e-03 5.698437059469135813e-01
-1.020000000000000073e-01 2.511886431509579437e-03 1.996176641109138113e-03 5.698437059469135813e-01
-1.090000000000000135e-01 2.511886431509579437e-03 2.604765344513999131e-03 5.492116483887790057e-01
-1.160000000000000198e-01 2.511886431509579437e-03 3.386225492319044992e-03 5.492116483887790057e-01
-1.230000000000000260e-01 2.511886431509579437e-03 4.373831200417844546e-03 5.293266058360567294e-01
-1.300000000000000044e-01 2.511886431509579437e-03 5.599389689589994237e-03 5.101615314749834429e-01
-1.370000000000000107e-01 2.511886431509579437e-03 7.087995498931590199e-03 5.101615314749834429e-01
-1.440000000000000169e-01 2.511886431509579437e-03 8.853041550693538375e-03 4.916903577628031208e-01
-1.510000000000000231e-01 2.511886431509579437e-03 1.088754849252974305e-02 4.738879609717651098e-01
-1.580000000000000016e-01 2.511886431509579437e-03 1.316393789491149095e-02 4.567301270168747096e-01
-1.650000000000000078e-01 2.511886431509579437e-03 1.563256137015336250e-02 4.401935185208878942e-01
-1.720000000000000140e-01 2.511886431509579437e-03 1.822521028336637761e-02 4.242556430717777660e-01
-1.790000000000000202e-01 2.511886431509579437e-03 2.086206284513954928e-02 4.088948226294863986e-01
-1.860000000000000264e-01 2.511886431509579437e-03 2.346056010281263871e-02 3.940901640403447481e-01
-1.930000000000000326e-01 2.511886431509579437e-03 2.594641187939864327e-02 3.940901640403447481e-01
-2.000000000000000111e-01 2.511886431509579437e-03 2.826487378600164510e-02 3.798215306190735885e-01
-2.500000000000000139e-02 3.019951720402016138e-03 1.380912518313091592e-04 6.365079081295578201e-01
-3.200000000000000067e-02 3.019951720402016138e-03 1.760546171213827281e-04 6.134621717992506662e-01
-3.900000000000000688e-02 3.019951720402016138e-03 2.233673181230420466e-04 6.134621717992506662e-01
-4.600000000000000616e-02 3.019951720402016138e-03 2.830239604394321718e-04 6.134621717992506662e-01
-5.300000000000000544e-02 3.019951720402016138e-03 3.590425756044123961e-04 6.134621717992506662e-01
-6.000000000000000472e-02 3.019951720402016138e-03 4.567883929943878643e-04 6.134621717992506662e-01
-6.700000000000000400e-02 3.019951720402016138e-03 5.833878385273944282e-04 6.134621717992506662e-01
-7.400000000000001021e-02 3.019951720402016138e-03 7.482711662643882220e-04 5.912508413831881748e-01
-8.100000000000001643e-02 3.019951720402016138e-03 9.639657322213968007e-04 5.912508413831881748e-01
-8.800000000000002265e-02 3.019951720402016138e-03 1.246077525285512952e-03 5.912508413831881748e-01
-9.500000000000000111e-02 3.019951720402016138e-03 1.614578275293991139e-03 5.698437059469135813e-01
-1.020000000000000073e-01 3.019951720402016138e-03 2.094266969861757321e-03 5.698437059469135813e-01
-1.090000000000000135e-01 3.019951720402016138e-03 2.713300396644096561e-03 5.492116483887790057e-01
-1.160000000000000198e-01 3.019951720402016138e-03 3.504409499039523677e-03 5.492116483887790057e-01
-1.230000000000000260e-01 3.019951720402016138e-03 4.500851514511019884e-03 5.293266058360567294e-01
-1.300000000000000044e-01 3.019951720402016138e-03 5.733267740224734163e-03 5.101615314749834429e-01
-1.370000000000000107e-01 3.019951720402016138e-03 7.225840222431141081e-03 4.916903577628031208e-01
-1.440000000000000169e-01 3.019951720402016138e-03 8.990810319839467532e-03 4.916903577628031208e-01
-1.510000000000000231e-01 3.019951720402016138e-03 1.102200369316212389e-02 4.738879609717651098e-01
-1.580000000000000016e-01 3.019951720402016138e-03 1.329128949204339341e-02 4.567301270168747096e-01
-1.650000000000000078e-01 3.019951720402016138e-03 1.574950760031033209e-02 4.401935185208878942e-01
-1.720000000000000140e-01 3.019951720402016138e-03 1.832930480247293645e-02 4.242556430717777660e-01
-1.790000000000000202e-01 3.019951720402016138e-03 2.095192405609210343e-02 4.088948226294863986e-01
-1.860000000000000264e-01 3.019951720402016138e-03 2.353588869695300012e-02 3.940901640403447481e-01
-1.930000000000000326e-01 3.019951720402016138e-03 2.600725868571058738e-02 3.940901640403447481e-01
-2.000000000000000111e-01 3.019951720402016138e-03 2.831325195709552198e-02 3.798215306190735885e-01
-2.500000000000000139e-02 3.630780547701014001e-03 1.717818030108774928e-04 6.134621717992506662e-01
-3.200000000000000067e-02 3.630780547701014001e-03 2.138398534153149622e-04 6.134621717992506662e-01
-3.900000000000000688e-02 3.630780547701014001e-03 2.657037506274401422e-04 6.134621717992506662e-01
-4.600000000000000616e-02 3.630780547701014001e-03 3.304796712270330534e-04 6.134621717992506662e-01
-5.300000000000000544e-02 3.630780547701014001e-03 4.122970489891706301e-04 6.134621717992506662e-01
-6.000000000000000472e-02 3.630780547701014001e-03 5.166303743057337793e-04 6.134621717992506662e-01
-6.700000000000000400e-02 3.630780547701014001e-03 6.507038246178617133e-04 6.134621717992506662e-01
-7.400000000000001021e-02 3.630780547701014001e-03 8.241563491880341073e-04 5.912508413831881748e-01
-8.100000000000001643e-02 3.630780547701014001e-03 1.049329870337419209e-03 5.912508413831881748e-01
-8.800000000000002265e-02 3.630780547701014001e-03 1.341864125928037433e-03 5.912508413831881748e-01
-9.500000000000000111e-02 3.630780547701014001e-03 1.721842591909011075e-03 5.698437059469135813e-01
-1.020000000000000073e-01 3.630780547701014001e-03 2.213306217476849851e-03 5.698437059469135813e-01
-1.090000000000000135e-01 3.630780547701014001e-03 2.844506655562531461e-03 5.492116483887790057e-01
-1.160000000000000198e-01 3.630780547701014001e-03 3.646763367291364771e-03 5.492116483887790057e-01
-1.230000000000000260e-01 3.630780547701014001e-03 4.653394819489229013e-03 5.293266058360567294e-01
-1.300000000000000044e-01 3.630780547701014001e-03 5.893641592887357943e-03 5.101615314749834429e-01
-1.370000000000000107e-01 3.630780547701014001e-03 7.390733785646009212e-03 4.916903577628031208e-01
-1.440000000000000169e-01 3.630780547701014001e-03 9.155504038274461798e-03 4.738879609717651098e-01
-1.510000000000000231e-01 3.630780547701014001e-03 1.118225752947354067e-02 4.738879609717651098e-01
-1.580000000000000016e-01 3.630780547701014001e-03 1.344295613559467854e-02 4.567301270168747096e-01
-1.650000000000000078e-01 3.630780547701014001e-03 1.588872176270316600e-02 4.401935185208878942e-01
-1.720000000000000140e-01 3.630780547701014001e-03 1.845320522767323473e-02 4.242556430717777660e-01
-1.790000000000000202e-01 3.630780547701014001e-03 2.105889801301100844e-02 4.088948226294863986e-01
-1.860000000000000264e-01 3.630780547701014001e-03 2.362559345722625714e-02 3.940901640403447481e-01
-1.930000000000000326e-01 3.630780547701014001e-03 2.607975084212058037e-02 3.940901640403447481e-01
-2.000000000000000111e-01 3.630780547701014001e-03 2.837092409864295714e-02 3.798215306190735885e-01
-2.500000000000000139e-02 4.365158322401660983e-03 2.163347512096684103e-04 6.134621717992506662e-01
-3.200000000000000067e-02 4.365158322401660983e-03 2.632167002415971104e-04 6.134621717992506662e-01
-3.900000000000000688e-02 4.365158322401660983e-03 3.204512408152739435e-04 6.134621717992506662e-01
-4.600000000000000616e-02 4.365158322401660983e-03 3.912691728877186513e-04 6.134621717992506662e-01
-5.300000000000000544e-02 4.365158322401660983e-03 4.799267038496370878e-04 6.134621717992506662e-01
-6.000000000000000472e-02 4.365158322401660983e-03 5.920210941085233582e-04 6.134621717992506662e-01
-6.700000000000000400e-02 4.365158322401660983e-03 7.349458400949458433e-04 5.912508413831881748e-01
-7.400000000000001021e-02 4.365158322401660983e-03 9.184251531758836013e-04 5.912508413831881748e-01
-8.100000000000001643e-02 4.365158322401660983e-03 1.154694938625585188e-03 5.912508413831881748e-01
-8.800000000000002265e-02 4.365158322401660983e-03 1.459390549772987631e-03 5.912508413831881748e-01
-9.500000000000000111e-02 4.365158322401660983e-03 1.852762189549005600e-03 5.698437059469135813e-01
-1.020000000000000073e-01 4.365158322401660983e-03 2.357864822700354336e-03 5.698437059469135813e-01
-1.090000000000000135e-01 4.365158322401660983e-03 3.003150570363226270e-03 5.492116483887790057e-01
-1.160000000000000198e-01 4.365158322401660983e-03 3.818239976897246871e-03 5.293266058360567294e-01
-1.230000000000000260e-01 4.365158322401660983e-03 4.836463296016149140e-03 5.293266058360567294e-01
-1.300000000000000044e-01 4.365158322401660983e-03 6.085554282630880468e-03 5.101615314749834429e-01
-1.370000000000000107e-01 4.365158322401660983e-03 7.587586642001311818e-03 4.916903577628031208e-01
-1.440000000000000169e-01 4.365158322401660983e-03 9.352499486086874106e-03 4.738879609717651098e-01
-1.510000000000000231e-01 4.365158322401660983e-03 1.137311555397818238e-02 4.567301270168747096e-01
-1.580000000000000016e-01 4.365158322401660983e-03 1.362323533107829415e-02 4.567301270168747096e-01
-1.650000000000000078e-01 4.365158322401660983e-03 1.605411745595089479e-02 4.401935185208878942e-01
-1.720000000000000140e-01 4.365158322401660983e-03 1.860038812890122198e-02 4.242556430717777660e-01
-1.790000000000000202e-01 4.365158322401660983e-03 2.118599597939509194e-02 4.088948226294863986e-01
-1.860000000000000264e-01 4.365158322401660983e-03 2.373221780390168470e-02 3.940901640403447481e-01
-1.930000000000000326e-01 4.365158322401660983e-03 2.616596295673200706e-02 3.940901640403447481e-01
-2.000000000000000111e-01 4.365158322401660983e-03 2.843956099756535238e-02 3.798215306190735885e-01
-2.500000000000000139e-02 5.248074602497722861e-03 2.753891938764050718e-04 6.134621717992506662e-01
-3.200000000000000067e-02 5.248074602497722861e-03 3.279347967018356289e-04 6.134621717992506662e-01
-3.900000000000000688e-02 5.248074602497722861e-03 3.914813039627780176e-04 6.134621717992506662e-01
-4.600000000000000616e-02 5.248074602497722861e-03 4.694012796167015248e-04 6.134621717992506662e-01
-5.300000000000000544e-02 5.248074602497722861e-03 5.660935072194879167e-04 6.134621717992506662e-01
-6.000000000000000472e-02 5.248074602497722861e-03 6.873191251028398004e-04 5.912508413831881748e-01
-6.700000000000000400e-02 5.248074602497722861e-03 8.407025675637531861e-04 5.912508413831881748e-01
-7.400000000000001021e-02 5.248074602497722861e-03 1.035810275032292369e-03 5.912508413831881748e-01
-8.100000000000001643e-02 5.248074602497722861e-03 1.284997369200612102e-03 5.912508413831881748e-01
-8.800000000000002265e-02 5.248074602497722861e-03 1.604088337035341951e-03 5.698437059469135813e-01
-9.500000000000000111e-02 5.248074602497722861e-03 2.012704859816822484e-03 5.698437059469135813e-01
-1.020000000000000073e-01 5.248074602497722861e-03 2.533553699065538116e-03 5.492116483887790057e-01
-1.090000000000000135e-01 5.248074602497722861e-03 3.194957422635643935e-03 5.492116483887790057e-01
-1.160000000000000198e-01 5.248074602497722861e-03 4.025327352461836178e-03 5.293266058360567294e-01
-1.230000000000000260e-01 5.248074602497722861e-03 5.055948709162341910e-03 5.293266058360567294e-01
-1.300000000000000044e-01 5.248074602497722861e-03 6.314895481638037669e-03 5.101615314749834429e-01
-1.370000000000000107e-01 5.248074602497722861e-03 7.822197643581513954e-03 4.916903577628031208e-01
-1.440000000000000169e-01 5.248074602497722861e-03 9.586779301950365886e-03 4.738879609717651098e-01
-1.510000000000000231e-01 5.248074602497722861e-03 1.160091824364910609e-02 4.567301270168747096e-01
-1.580000000000000016e-01 5.248074602497722861e-03 1.383715588394727504e-02 4.401935185208878942e-01
-1.650000000000000078e-01 5.248074602497722861e-03 1.625015631221298634e-02 4.401935185208878942e-01
-1.720000000000000140e-01 5.248074602497722861e-03 1.877481635545955735e-02 4.242556430717777660e-01
-1.790000000000000202e-01 5.248074602497722861e-03 2.133665430789556325e-02 4.088948226294863986e-01
-1.860000000000000264e-01 5.248074602497722861e-03 2.385867045934949790e-02 3.940901640403447481e-01
-1.930000000000000326e-01 5.248074602497722861e-03 2.626915623609120745e-02 3.798215306190735885e-01
-2.000000000000000111e-01 5.248074602497722861e-03 2.852108512074460339e-02 3.798215306190735885e-01
-2.500000000000000139e-02 6.309573444801930275e-03 3.537429621118861884e-04 6.134621717992506662e-01
-3.200000000000000067e-02 6.309573444801930275e-03 4.129047521883797952e-04 6.134621717992506662e-01
-3.900000000000000688e-02 6.309573444801930275e-03 4.838328520193349255e-04 6.134621717992506662e-01
-4.600000000000000616e-02 6.309573444801930275e-03 5.700592235137234105e-04 6.134621717992506662e-01
-5.300000000000000544e-02 6.309573444801930275e-03 6.761980716797824772e-04 5.912508413831881748e-01
-6.000000000000000472e-02 6.309573444801930275e-03 8.082059604507834576e-04 5.912508413831881748e-01
-6.700000000000000400e-02 6.309573444801930275e-03 9.736397968685810969e-04 5.912508413831881748e-01
-7.400000000000001021e-02 6.309573444801930275e-03 1.182245144887431217e-03 5.912508413831881748e-01
-8.100000000000001643e-02 6.309573444801930275e-03 1.446368127835068011e-03 5.912508413831881748e-01
-8.800000000000002265e-02 6.309573444801930275e-03 1.782183974714504323e-03 5.698437059469135813e-01
-9.500000000000000111e-02 6.309573444801930275e-03 2.208208481802677314e-03 5.698437059469135813e-01
-1.020000000000000073e-01 6.309573444801930275e-03 2.747599554729940243e-03 5.492116483887790057e-01
-1.090000000000000135e-01 6.309573444801930275e-03 3.426755293738858402e-03 5.492116483887790057e-01
-1.160000000000000198e-01 6.309573444801930275e-03 4.274396992342320914e-03 5.293266058360567294e-01
-1.230000000000000260e-01 6.309573444801930275e-03 5.318801050147614964e-03 5.101615314749834429e-01
-1.300000000000000044e-01 6.309573444801930275e-03 6.588479783384010822e-03 5.101615314749834429e-01
-1.370000000000000107e-01 6.309573444801930275e-03 8.101220897880128877e-03 4.916903577628031208e-01
-1.440000000000000169e-01 6.309573444801930275e-03 9.864738210219133399e-03 4.738879609717651098e-01
-1.510000000000000231e-01 6.309573444801930275e-03 1.187070899044008476e-02 4.567301270168747096e-01
-1.580000000000000016e-01 6.309573444801930275e-03 1.409180590171761963e-02 4.401935185208878942e-01
-1.650000000000000078e-01 6.309573444801930275e-03 1.648186411313076749e-02 4.401935185208878942e-01
-1.720000000000000140e-01 6.309573444801930275e-03 1.898095387569836631e-02 4.242556430717777660e-01
-1.790000000000000202e-01 6.309573444801930275e-03 2.151474976770657160e-02 4.088948226294863986e-01
-1.860000000000000264e-01 6.309573444801930275e-03 2.400824190443946390e-02 3.940901640403447481e-01
-1.930000000000000326e-01 6.309573444801930275e-03 2.639144944868343848e-02 3.798215306190735885e-01
-2.000000000000000111e-01 6.309573444801930275e-03 2.861768781054670890e-02 3.798215306190735885e-01
-2.500000000000000139e-02 7.585775750291835935e-03 4.576396077902479542e-04 6.134621717992506662e-01
-3.200000000000000067e-02 7.585775750291835935e-03 5.244833091166735146e-04 6.134621717992506662e-01
-3.900000000000000688e-02 7.585775750291835935e-03 6.040356500251053019e-04 5.912508413831881748e-01
-4.600000000000000616e-02 7.585775750291835935e-03 7.000251572907447263e-04 5.912508413831881748e-01
-5.300000000000000544e-02 7.585775750291835935e-03 8.171819604396592758e-04 5.912508413831881748e-01
-6.000000000000000472e-02 7.585775750291835935e-03 9.615751964240664600e-04 5.912508413831881748e-01
-6.700000000000000400e-02 7.585775750291835935e-03 1.140943836340399010e-03 5.912508413831881748e-01
-7.400000000000001021e-02 7.585775750291835935e-03 1.365099049727627007e-03 5.912508413831881748e-01
-8.100000000000001643e-02 7.585775750291835935e-03 1.646842874401713286e-03 5.698437059469135813e-01
-8.800000000000002265e-02 7.585775750291835935e-03 2.001381634305635353e-03 5.698437059469135813e-01
-9.500000000000000111e-02 7.585775750291835935e-03 2.447160792097493372e-03 5.698437059469135813e-01
-1.020000000000000073e-01 7.585775750291835935e-03 3.007605612357731363e-03 5.492116483887790057e-01
-1.090000000000000135e-01 7.585775750291835935e-03 3.706604403520718637e-03 5.492116483887790057e-01
-1.160000000000000198e-01 7.585775750291835935e-03 4.573531363878915318e-03 5.293266058360567294e-01
-1.230000000000000260e-01 7.585775750291835935e-03 5.634243677191397293e-03 5.101615314749834429e-01
-1.300000000000000044e-01 7.585775750291835935e-03 6.914094852535081562e-03 5.101615314749834429e-01
-1.370000000000000107e-01 7.585775750291835935e-03 8.432191964015156235e-03 4.916903577628031208e-01
-1.440000000000000169e-01 7.585775750291835935e-03 1.019356233171570154e-02 4.738879609717651098e-01
-1.510000000000000231e-01 7.585775750291835935e-03 1.218923306941521213e-02 4.567301270168747096e-01
-1.580000000000000016e-01 7.585775750291835935e-03 1.439205435252501747e-02 4.401935185208878942e-01
-1.650000000000000078e-01 7.585775750291835935e-03 1.675651424836592171e-02 4.242556430717777660e-01
-1.720000000000000140e-01 7.585775750291835935e-03 1.922375516563485862e-02 4.242556430717777660e-01
-1.790000000000000202e-01 7.585775750291835935e-03 2.172459395810552238e-02 4.088948226294863986e-01
-1.860000000000000264e-01 7.585775750291835935e-03 2.418460450594308447e-02 3.940901640403447481e-01
-1.930000000000000326e-01 7.585775750291835935e-03 2.653579270133556503e-02 3.798215306190735885e-01
-2.000000000000000111e-01 7.585775750291835935e-03 2.873183806853741445e-02 3.798215306190735885e-01
-2.500000000000000139e-02 9.120108393559096804e-03 5.952246927757332559e-04 5.912508413831881748e-01
-3.200000000000000067e-02 9.120108393559096804e-03 6.709944157968761574e-04 5.912508413831881748e-01
-3.900000000000000688e-02 9.120108393559096804e-03 7.605161810343460775e-04 5.912508413831881748e-01
-4.600000000000000616e-02 9.120108393559096804e-03 8.677085166015935554e-04 5.912508413831881748e-01
-5.300000000000000544e-02 9.120108393559096804e-03 9.975087798761374420e-04 5.912508413831881748e-01
-6.000000000000000472e-02 9.120108393559096804e-03 1.156151373586939823e-03 5.912508413831881748e-01
-6.700000000000000400e-02 9.120108393559096804e-03 1.351497062523980682e-03 5.912508413831881748e-01
-7.400000000000001021e-02 9.120108393559096804e-03 1.593845599469559263e-03 5.698437059469135813e-01
-8.100000000000001643e-02 9.120108393559096804e-03 1.895337853523940304e-03 5.698437059469135813e-01
-8.800000000000002265e-02 9.120108393559096804e-03 2.271018412805267481e-03 5.698437059469135813e-01
-9.500000000000000111e-02 9.120108393559096804e-03 2.739807892301722881e-03 5.492116483887790057e-01
-1.020000000000000073e-01 9.120108393559096804e-03 3.323039620850559185e-03 5.492116483887790057e-01
-1.090000000000000135e-01 9.120108393559096804e-03 4.044990860859335249e-03 5.293266058360567294e-01
-1.160000000000000198e-01 9.120108393559096804e-03 4.932031506212351465e-03 5.293266058360567294e-01
-1.230000000000000260e-01 9.120108393559096804e-03 6.010379666803174897e-03 5.101615314749834429e-01
-1.300000000000000044e-01 9.120108393559096804e-03 7.301778571106060968e-03 4.916903577628031208e-01
-1.370000000000000107e-01 9.120108393559096804e-03 8.823498181287931647e-03 4.916903577628031208e-01
-1.440000000000000169e-01 9.120108393559096804e-03 1.058118251227668435e-02 4.738879609717651098e-01
-1.510000000000000231e-01 9.120108393559096804e-03 1.256388591176327632e-02 4.567301270168747096e-01
-1.580000000000000016e-01 9.120108393559096804e-03 1.474469582925776699e-02 4.401935185208878942e-01
-1.650000000000000078e-01 9.120108393559096804e-03 1.707932287049148193e-02 4.242556430717777660e-01
-1.720000000000000140e-01 9.120108393559096804e-03 1.950879901256458160e-02 4.088948226294863986e-01
-1.790000000000000202e-01 9.120108393559096804e-03 2.197089650934437588e-02 4.088948226294863986e-01
-1.860000000000000264e-01 9.120108393559096804e-03 2.439178792300637777e-02 3.940901640403447481e-01
-1.930000000000000326e-01 9.120108393559096804e-03 2.670556356246239424e-02 3.798215306190735885e-01
-2.000000000000000111e-01 9.120108393559096804e-03 2.886627789063703903e-02 3.798215306190735885e-01
-2.500000000000000139e-02 1.096478196143185063e-02 7.766240248624298875e-04 5.912508413831881748e-01
-3.200000000000000067e-02 1.096478196143185063e-02 8.625602940004040544e-04 5.912508413831881748e-01
-3.900000000000000688e-02 1.096478196143185063e-02 9.634709572357628938e-04 5.912508413831881748e-01
-4.600000000000000616e-02 1.096478196143185063e-02 1.083483522155619409e-03 5.912508413831881748e-01
-5.300000000000000544e-02 1.096478196143185063e-02 1.227729263284932587e-03 5.912508413831881748e-01
-6.000000000000000472e-02 1.096478196143185063e-02 1.402761310778131293e-03 5.698437059469135813e-01
-6.700000000000000400e-02 1.096478196143185063e-02 1.616684551807620390e-03 5.698437059469135813e-01
-7.400000000000001021e-02 1.096478196143185063e-02 1.879315550815673346e-03 5.698437059469135813e-01
-8.100000000000001643e-02 1.096478196143185063e-02 2.202871606005294032e-03 5.698437059469135813e-01
-8.800000000000002265e-02 1.096478196143185063e-02 2.602666437634606946e-03 5.492116483887790057e-01
-9.500000000000000111e-02 1.096478196143185063e-02 3.096727931083594412e-03 5.492116483887790057e-01
-1.020000000000000073e-01 1.096478196143185063e-02 3.704845966024365115e-03 5.492116483887790057e-01
-1.090000000000000135e-01 1.096478196143185063e-02 4.452162531835290177e-03 5.293266058360567294e-01
-1.160000000000000198e-01 1.096478196143185063e-02 5.360872352815983927e-03 5.101615314749834429e-01
-1.230000000000000260e-01 1.096478196143185063e-02 6.457381264507328252e-03 5.101615314749834429e-01
-1.300000000000000044e-01 1.096478196143185063e-02 7.761096555684944553e-03 4.916903577628031208e-01
-1.370000000000000107e-01 1.096478196143185063e-02 9.285669760249299146e-03 4.738879609717651098e-01
-1.440000000000000169e-01 1.096478196143185063e-02 1.103614557508903957e-02 4.738879609717651098e-01
-1.510000000000000231e-01 1.096478196143185063e-02 1.300257999700309662e-02 4.567301270168747096e-01
-1.580000000000000016e-01 1.096478196143185063e-02 1.515696649894052693e-02 4.401935185208878942e-01
-1.650000000000000078e-01 1.096478196143185063e-02 1.745641413854589347e-02 4.242556430717777660e-01
-1.720000000000000140e-01 1.096478196143185063e-02 1.984426940278727694e-02 4.088948226294863986e-01
-1.790000000000000202e-01 1.096478196143185063e-02 2.225868456821661692e-02 4.088948226294863986e-01
-1.860000000000000264e-01 1.096478196143185063e-02 2.463411948114786407e-02 3.940901640403447481e-01
-1.930000000000000326e-01 1.096478196143185063e-02 2.690441639613277980e-02 3.798215306190735885e-01
-2.000000000000000111e-01 1.096478196143185063e-02 2.902399773372305036e-02 3.798215306190735885e-01
-2.500000000000000139e-02 1.318256738556407466e-02 1.014198633959711559e-03 5.912508413831881748e-01
-3.200000000000000067e-02 1.318256738556407466e-02 1.111637621884887942e-03 5.912508413831881748e-01
-3.900000000000000688e-02 1.318256738556407466e-02 1.225513829950363983e-03 5.698437059469135813e-01
-4.600000000000000616e-02 1.318256738556407466e-02 1.360233314223262832e-03 5.698437059469135813e-01
-5.300000000000000544e-02 1.318256738556407466e-02 1.521093697981164240e-03 5.698437059469135813e-01
-6.000000000000000472e-02 1.318256738556407466e-02 1.714685225465799540e-03 5.698437059469135813e-01
-6.700000000000000400e-02 1.318256738556407466e-02 1.949115239412244766e-03 5.698437059469135813e-01
-7.400000000000001021e-02 1.318256738556407466e-02 2.234307983225531855e-03 5.698437059469135813e-01
-8.100000000000001643e-02 1.318256738556407466e-02 2.582912523406391721e-03 5.492116483887790057e-01
-8.800000000000002265e-02 1.318256738556407466e-02 3.009420292454340323e-03 5.492116483887790057e-01
-9.500000000000000111e-02 1.318256738556407466e-02 3.530505272538599082e-03 5.492116483887790057e-01
-1.020000000000000073e-01 1.318256738556407466e-02 4.167164642681257282e-03 5.293266058360567294e-01
-1.090000000000000135e-01 1.318256738556407466e-02 4.940002018830788252e-03 5.293266058360567294e-01
-1.160000000000000198e-01 1.318256738556407466e-02 5.873013176293417209e-03 5.101615314749834429e-01
-1.230000000000000260e-01 1.318256738556407466e-02 6.986268656458706310e-03 5.101615314749834429e-01
-1.300000000000000044e-01 1.318256738556407466e-02 8.301821451638180874e-03 4.916903577628031208e-01
-1.370000000000000107e-01 1.318256738556407466e-02 9.828824179357861790e-03 4.738879609717651098e-01
-1.440000000000000169e-01 1.318256738556407466e-02 1.156926894585546921e-02 4.567301270168747096e-01
-1.510000000000000231e-01 1.318256738556407466e-02 1.351350818415888479e-02 4.567301270168747096e-01
-1.580000000000000016e-01 1.318256738556407466e-02 1.563632258091448082e-02 4.401935185208878942e-01
-1.650000000000000078e-01 1.318256738556407466e-02 1.789450934428108569e-02 4.242556430717777660e-01
-1.720000000000000140e-01 1.318256738556407466e-02 2.023399640386737072e-02 4.088948226294863986e-01
-1.790000000000000202e-01 1.318256738556407466e-02 2.259316452653154644e-02 4.088948226294863986e-01
-1.860000000000000264e-01 1.318256738556407466e-02 2.491611772434576891e-02 3.940901640403447481e-01
-1.930000000000000326e-01 1.318256738556407466e-02 2.713620519960081856e-02 3.798215306190735885e-01
-2.000000000000000111e-01 1.318256738556407466e-02 2.920818440760527754e-02 3.798215306190735885e-01
-2.500000000000000139e-02 1.584893192461113431e-02 1.323292094594890516e-03 5.698437059469135813e-01
-3.200000000000000067e-02 1.584893192461113431e-02 1.433733724836807081e-03 5.698437059469135813e-01
-3.900000000000000688e-02 1.584893192461113431e-02 1.562186800024592710e-03 5.698437059469135813e-01
-4.600000000000000616e-02 1.584893192461113431e-02 1.713240027808506137e-03 5.698437059469135813e-01
-5.300000000000000544e-02 1.584893192461113431e-02 1.892437258917765118e-03 5.698437059469135813e-01
-6.000000000000000472e-02 1.584893192461113431e-02 2.106503032925414586e-03 5.698437059469135813e-01
-6.700000000000000400e-02 1.584893192461113431e-02 2.363830306007577275e-03 5.492116483887790057e-01
-7.400000000000001021e-02 1.584893192461113431e-02 2.674626532972392608e-03 5.492116483887790057e-01
-8.100000000000001643e-02 1.584893192461113431e-02 3.050433316918976269e-03 5.492116483887790057e-01
-8.800000000000002265e-02 1.584893192461113431e-02 3.505229494576237934e-03 5.492116483887790057e-01
-9.500000000000000111e-02 1.584893192461113431e-02 4.056658098431693664e-03 5.293266058360567294e-01
-1.020000000000000073e-01 1.584893192461113431e-02 4.722371465943580975e-03 5.293266058360567294e-01
-1.090000000000000135e-01 1.584893192461113431e-02 5.522939998452708679e-03 5.101615314749834429e-01
-1.160000000000000198e-01 1.584893192461113431e-02 6.479531390755795955e-03 5.101615314749834429e-01
-1.230000000000000260e-01 1.584893192461113431e-02 7.611804423499790584e-03 4.916903577628031208e-01
-1.300000000000000044e-01 1.584893192461113431e-02 8.934670809460072347e-03 4.916903577628031208e-01
-1.370000000000000107e-01 1.584893192461113431e-02 1.046166840044745507e-02 4.738879609717651098e-01
-1.440000000000000169e-01 1.584893192461113431e-02 1.218987190569306538e-02 4.567301270168747096e-01
-1.510000000000000231e-01 1.584893192461113431e-02 1.410733518157750860e-02 4.401935185208878942e-01
-1.580000000000000016e-01 1.584893192461113431e-02 1.619010335478498694e-02 4.401935185208878942e-01
-1.650000000000000078e-01 1.584893192461113431e-02 1.840022041130940506e-02 4.242556430717777660e-01
-1.720000000000000140e-01 1.584893192461113431e-02 2.068389956674211716e-02 4.088948226294863986e-01
-1.790000000000000202e-01 1.584893192461113431e-02 2.298230588648381492e-02 3.940901640403447481e-01
-1.860000000000000264e-01 1.584893192461113431e-02 2.524232700857310940e-02 3.940901640403447481e-01
-1.930000000000000326e-01 1.584893192461113431e-02 2.740485935559411335e-02 3.798215306190735885e-01
-2.000000000000000111e-01 1.584893192461113431e-02 2.942213285199513431e-02 3.798215306190735885e-01
-2.500000000000000139e-02 1.905460717963247327e-02 1.720958172778320376e-03 5.698437059469135813e-01
-3.200000000000000067e-02 1.905460717963247327e-02 1.845650749713585812e-03 5.698437059469135813e-01
-3.900000000000000688e-02 1.905460717963247327e-02 1.990109499018291421e-03 5.698437059469135813e-01
-4.600000000000000616e-02 1.905460717963247327e-02 2.159289758939187970e-03 5.492116483887790057e-01
-5.300000000000000544e-02 1.905460717963247327e-02 2.359018493370662953e-03 5.492116483887790057e-01
-6.000000000000000472e-02 1.905460717963247327e-02 2.596037268291930163e-03 5.492116483887790057e-01
-6.700000000000000400e-02 1.905460717963247327e-02 2.878555696433055845e-03 5.492116483887790057e-01
-7.400000000000001021e-02 1.905460717963247327e-02 3.216337117408786354e-03 5.492116483887790057e-01
-8.100000000000001643e-02 1.905460717963247327e-02 3.621155218954257102e-03 5.293266058360567294e-01
-8.800000000000002265e-02 1.905460717963247327e-02 4.107482947257698469e-03 5.293266058360567294e-01
-9.500000000000000111e-02 1.905460717963247327e-02 4.689722362002774446e-03 5.293266058360567294e-01
-1.020000000000000073e-01 1.905460717963247327e-02 5.385754940892804182e-03 5.101615314749834429e-01
-1.090000000000000135e-01 1.905460717963247327e-02 6.214793361659122495e-03 5.101615314749834429e-01
-1.160000000000000198e-01 1.905460717963247327e-02 7.194243615879441535e-03 4.916903577628031208e-01
-1.230000000000000260e-01 1.905460717963247327e-02 8.343114701343237391e-03 4.916903577628031208e-01
-1.300000000000000044e-01 1.905460717963247327e-02 9.674183693390191879e-03 4.738879609717651098e-01
-1.370000000000000107e-01 1.905460717963247327e-02 1.119364058307632977e-02 4.738879609717651098e-01
-1.440000000000000169e-01 1.905460717963247327e-02 1.290501225961916514e-02 4.567301270168747096e-01
-1.510000000000000231e-01 1.905460717963247327e-02 1.479155329988166706e-02 4.401935185208878942e-01
-1.580000000000000016e-01 1.905460717963247327e-02 1.682793257026960962e-02 4.242556430717777660e-01
-1.650000000000000078e-01 1.905460717963247327e-02 1.897963596368717684e-02 4.242556430717777660e-01
-1.720000000000000140e-01 1.905460717963247327e-02 2.119946990999919609e-02 4.088948226294863986e-01
-1.790000000000000202e-01 1.905460717963247327e-02 2.342950850819518552e-02 3.940901640403447481e-01
-1.860000000000000264e-01 1.905460717963247327e-02 2.561708275573898810e-02 3.940901640403447481e-01
-1.930000000000000326e-01 1.905460717963247327e-02 2.771420276835888374e-02 3.798215306190735885e-01
-2.000000000000000111e-01 1.905460717963247327e-02 2.966911341843171679e-02 3.798215306190735885e-01
-2.500000000000000139e-02 2.290867652767773419e-02 2.226856699748565229e-03 5.492116483887790057e-01
-3.200000000000000067e-02 2.290867652767773419e-02 2.367201433814907375e-03 5.492116483887790057e-01
-3.900000000000000688e-02 2.290867652767773419e-02 2.529312119144983516e-03 5.492116483887790057e-01
-4.600000000000000616e-02 2.290867652767773419e-02 2.718221642118916898e-03 5.492116483887790057e-01
-5.300000000000000544e-02 2.290867652767773419e-02 2.939818201694750603e-03 5.492116483887790057e-01
-6.000000000000000472e-02 2.290867652767773419e-02 3.201021638898293286e-03 5.492116483887790057e-01
-6.700000000000000400e-02 2.290867652767773419e-02 3.510293502634590466e-03 5.293266058360567294e-01
-7.400000000000001021e-02 2.290867652767773419e-02 3.877651366420351714e-03 5.293266058360567294e-01
-8.100000000000001643e-02 2.290867652767773419e-02 4.313725312756160404e-03 5.293266058360567294e-01
-8.800000000000002265e-02 2.290867652767773419e-02 4.831193557074999964e-03 5.293266058360567294e-01
-9.500000000000000111e-02 2.290867652767773419e-02 5.445836275546863010e-03 5.101615314749834429e-01
-1.020000000000000073e-01 2.290867652767773419e-02 6.172872982966081182e-03 5.101615314749834429e-01
-1.090000000000000135e-01 2.290867652767773419e-02 7.028293587553478654e-03 4.916903577628031208e-01
-1.160000000000000198e-01 2.290867652767773419e-02 8.030764268025996494e-03 4.916903577628031208e-01
-1.230000000000000260e-01 2.290867652767773419e-02 9.192390378885591240e-03 4.738879609717651098e-01
-1.300000000000000044e-01 2.290867652767773419e-02 1.052691510850004702e-02 4.738879609717651098e-01
-1.370000000000000107e-01 2.290867652767773419e-02 1.203844998397051586e-02 4.567301270168747096e-01
-1.440000000000000169e-01 2.290867652767773419e-02 1.372229870189680886e-02 4.401935185208878942e-01
-1.510000000000000231e-01 2.290867652767773419e-02 1.557097290742294297e-02 4.401935185208878942e-01
-1.580000000000000016e-01 2.290867652767773419e-02 1.755552886810182733e-02 4.242556430717777660e-01
-1.650000000000000078e-01 2.290867652767773419e-02 1.963976164855584655e-02 4.088948226294863986e-01
-1.720000000000000140e-01 2.290867652767773419e-02 2.178531296531267814e-02 4.088948226294863986e-01
-1.790000000000000202e-01 2.290867652767773419e-02 2.393830055394376502e-02 3.940901640403447481e-01
-1.860000000000000264e-01 2.290867652767773419e-02 2.604420201866429127e-02 3.940901640403447481e-01
-1.930000000000000326e-01 2.290867652767773419e-02 2.806771012808664117e-02 3.798215306190735885e-01
-2.000000000000000111e-01 2.290867652767773419e-02 2.995347434534475009e-02 3.660695147596898513e-01
-2.500000000000000139e-02 2.754228703338166065e-02 2.860723664385935502e-03 5.492116483887790057e-01
-3.200000000000000067e-02 2.754228703338166065e-02 3.017604036030029340e-03 5.293266058360567294e-01
-3.900000000000000688e-02 2.754228703338166065e-02 3.198550156686460772e-03 5.293266058360567294e-01
-4.600000000000000616e-02 2.754228703338166065e-02 3.408631992729112530e-03 5.293266058360567294e-01
-5.300000000000000544e-02 2.754228703338166065e-02 3.653871381073015966e-03 5.293266058360567294e-01
-6.000000000000000472e-02 2.754228703338166065e-02 3.941225670897505542e-03 5.293266058360567294e-01
-6.700000000000000400e-02 2.754228703338166065e-02 4.278730763739618109e-03 5.293266058360567294e-01
-7.400000000000001021e-02 2.754228703338166065e-02 4.675619321841251348e-03 5.293266058360567294e-01
-8.100000000000001643e-02 2.754228703338166065e-02 5.143289078166850270e-03 5.101615314749834429e-01
-8.800000000000002265e-02 2.754228703338166065e-02 5.693946794734762451e-03 5.101615314749834429e-01
-9.500000000000000111e-02 2.754228703338166065e-02 6.339830309957887773e-03 5.101615314749834429e-01
-1.020000000000000073e-01 2.754228703338166065e-02 7.096169727851874519e-03 4.916903577628031208e-01
-1.090000000000000135e-01 2.754228703338166065e-02 7.978113194501035288e-03 4.916903577628031208e-01
-1.160000000000000198e-01 2.754228703338166065e-02 8.997849314535870044e-03 4.738879609717651098e-01
-1.230000000000000260e-01 2.754228703338166065e-02 1.017085967894969245e-02 4.738879609717651098e-01
-1.300000000000000044e-01 2.754228703338166065e-02 1.150229016619391288e-02 4.567301270168747096e-01
-1.370000000000000107e-01 2.754228703338166065e-02 1.299796423854047284e-02 4.567301270168747096e-01
-1.440000000000000169e-01 2.754228703338166065e-02 1.465277245212349110e-02 4.401935185208878942e-01
-1.510000000000000231e-01 2.754228703338166065e-02 1.645050132977756221e-02 4.242556430717777660e-01
-1.580000000000000016e-01 2.754228703338166065e-02 1.837469921287830654e-02 4.242556430717777660e-01
-1.650000000000000078e-01 2.754228703338166065e-02 2.038645601650035735e-02 4.088948226294863986e-01
-1.720000000000000140e-01 2.754228703338166065e-02 2.244460187564420797e-02 4.088948226294863986e-01
-1.790000000000000202e-01 2.754228703338166065e-02 2.451175547919525952e-02 3.940901640403447481e-01
-1.860000000000000264e-01 2.754228703338166065e-02 2.653088465247588346e-02 3.798215306190735885e-01
-1.930000000000000326e-01 2.754228703338166065e-02 2.846820073706167464e-02 3.798215306190735885e-01
-2.000000000000000111e-01 2.754228703338166065e-02 3.027864527074687270e-02 3.660695147596898513e-01
-2.500000000000000139e-02 3.311311214825911342e-02 3.643583020047864128e-03 5.293266058360567294e-01
-3.200000000000000067e-02 3.311311214825911342e-02 3.817937433442195310e-03 5.293266058360567294e-01
-3.900000000000000688e-02 3.311311214825911342e-02 4.018265378018671952e-03 5.293266058360567294e-01
-4.600000000000000616e-02 3.311311214825911342e-02 4.249934904789932563e-03 5.293266058360567294e-01
-5.300000000000000544e-02 3.311311214825911342e-02 4.519001357396512479e-03 5.293266058360567294e-01
-6.000000000000000472e-02 3.311311214825911342e-02 4.832907158124260215e-03 5.101615314749834429e-01
-6.700000000000000400e-02 3.311311214825911342e-02 5.199518873262533661e-03 5.101615314749834429e-01
-7.400000000000001021e-02 3.311311214825911342e-02 5.627341919395950978e-03 5.101615314749834429e-01
-8.100000000000001643e-02 3.311311214825911342e-02 6.126230044295450858e-03 5.101615314749834429e-01
-8.800000000000002265e-02 3.311311214825911342e-02 6.707328659435845587e-03 4.916903577628031208e-01
-9.500000000000000111e-02 3.311311214825911342e-02 7.384561436940912695e-03 4.916903577628031208e-01
-1.020000000000000073e-01 3.311311214825911342e-02 8.168010573549176756e-03 4.916903577628031208e-01
-1.090000000000000135e-01 3.311311214825911342e-02 9.071195876917769949e-03 4.738879609717651098e-01
-1.160000000000000198e-01 3.311311214825911342e-02 1.010690845906182973e-02 4.738879609717651098e-01
-1.230000000000000260e-01 3.311311214825911342e-02 1.128222250849416665e-02 4.567301270168747096e-01
-1.300000000000000044e-01 3.311311214825911342e-02 1.260692579224137813e-02 4.567301270168747096e-01
-1.370000000000000107e-01 3.311311214825911342e-02 1.407840678980252537e-02 4.401935185208878942e-01
-1.440000000000000169e-01 3.311311214825911342e-02 1.569339173363681547e-02 4.401935185208878942e-01
-1.510000000000000231e-01 3.311311214825911342e-02 1.743814943125455291e-02 4.242556430717777660e-01
-1.580000000000000016e-01 3.311311214825911342e-02 1.928654463770330951e-02 4.242556430717777660e-01
-1.650000000000000078e-01 3.311311214825911342e-02 2.121736243402925007e-02 4.088948226294863986e-01
-1.720000000000000140e-01 3.311311214825911342e-02 2.318392889671438278e-02 3.940901640403447481e-01
-1.790000000000000202e-01 3.311311214825911342e-02 2.515126642076835964e-02 3.940901640403447481e-01
-1.860000000000000264e-01 3.311311214825911342e-02 2.707560242087692776e-02 3.798215306190735885e-01
-1.930000000000000326e-01 3.311311214825911342e-02 2.891748107916537053e-02 3.798215306190735885e-01
-2.000000000000000111e-01 3.311311214825911342e-02 3.064491405382734068e-02 3.660695147596898513e-01
-2.500000000000000139e-02 3.981071705534973415e-02 4.591837874609335131e-03 5.101615314749834429e-01
-3.200000000000000067e-02 3.981071705534973415e-02 4.784005092594736594e-03 5.101615314749834429e-01
-3.900000000000000688e-02 3.981071705534973415e-02 5.004328291070201523e-03 5.101615314749834429e-01
-4.600000000000000616e-02 3.981071705534973415e-02 5.258288520875504038e-03 5.101615314749834429e-01
-5.300000000000000544e-02 3.981071705534973415e-02 5.551948717754469700e-03 5.101615314749834429e-01
-6.000000000000000472e-02 3.981071705534973415e-02 5.892040694133057754e-03 5.101615314749834429e-01
-6.700000000000000400e-02 3.981071705534973415e-02 6.286029848451345041e-03 5.101615314749834429e-01
-7.400000000000001021e-02 3.981071705534973415e-02 6.743544039008856662e-03 4.916903577628031208e-01
-8.100000000000001643e-02 3.981071705534973415e-02 7.273099398866071999e-03 4.916903577628031208e-01
-8.800000000000002265e-02 3.981071705534973415e-02 7.884026302124508279e-03 4.916903577628031208e-01
-9.500000000000000111e-02 3.981071705534973415e-02 8.586442174022526977e-03 4.738879609717651098e-01
-1.020000000000000073e-01 3.981071705534973415e-02 9.394555044579745023e-03 4.738879609717651098e-01
-1.090000000000000135e-01 3.981071705534973415e-02 1.031486528470389359e-02 4.738879609717651098e-01
-1.160000000000000198e-01 3.981071705534973415e-02 1.135808566111656467e-02 4.567301270168747096e-01
-1.230000000000000260e-01 3.981071705534973415e-02 1.253235085092571990e-02 4.567301270168747096e-01
-1.300000000000000044e-01 3.981071705534973415e-02 1.383887857683250427e-02 4.401935185208878942e-01
-1.370000000000000107e-01 3.981071705534973415e-02 1.528030404552271904e-02 4.401935185208878942e-01
-1.440000000000000169e-01 3.981071705534973415e-02 1.684629902708805263e-02 4.242556430717777660e-01
-1.510000000000000231e-01 3.981071705534973415e-02 1.852568706795956061e-02 4.242556430717777660e-01
-1.580000000000000016e-01 3.981071705534973415e-02 2.029709675511528338e-02 4.088948226294863986e-01
-1.650000000000000078e-01 3.981071705534973415e-02 2.213050711907637441e-02 4.088948226294863986e-01
-1.720000000000000140e-01 3.981071705534973415e-02 2.399866972294379883e-02 3.940901640403447481e-01
-1.790000000000000202e-01 3.981071705534973415e-02 2.585602427601581613e-02 3.940901640403447481e-01
-1.860000000000000264e-01 3.981071705534973415e-02 2.767777840879157014e-02 3.798215306190735885e-01
-1.930000000000000326e-01 3.981071705534973415e-02 2.941596187503430632e-02 3.798215306190735885e-01
-2.000000000000000111e-01 3.981071705534973415e-02 3.105315811232870621e-02 3.660695147596898513e-01
-2.500000000000000139e-02 4.786300923226382426e-02 5.718296351122272199e-03 4.916903577628031208e-01
-3.200000000000000067e-02 4.786300923226382426e-02 5.928082119222883618e-03 4.916903577628031208e-01
-3.900000000000000688e-02 4.786300923226382426e-02 6.168088684547112094e-03 4.916903577628031208e-01
-4.600000000000000616e-02 4.786300923226382426e-02 6.443848051842342335e-03 4.916903577628031208e-01
-5.300000000000000544e-02 4.786300923226382426e-02 6.761352183966539905e-03 4.916903577628031208e-01
-6.000000000000000472e-02 4.786300923226382426e-02 7.127110220289855670e-03 4.916903577628031208e-01
-6.700000000000000400e-02 4.786300923226382426e-02 7.548178263057952163e-03 4.916903577628031208e-01
-7.400000000000001021e-02 4.786300923226382426e-02 8.032147317896870184e-03 4.916903577628031208e-01
-8.100000000000001643e-02 4.786300923226382426e-02 8.588174097413881283e-03 4.738879609717651098e-01
-8.800000000000002265e-02 4.786300923226382426e-02 9.225618038730924383e-03 4.738879609717651098e-01
-9.500000000000000111e-02 4.786300923226382426e-02 9.951705164933892858e-03 4.738879609717651098e-01
-1.020000000000000073e-01 4.786300923226382426e-02 1.077469107672431210e-02 4.567301270168747096e-01
-1.090000000000000135e-01 4.786300923226382426e-02 1.170736393121886779e-02 4.567301270168747096e-01
-1.160000000000000198e-01 4.786300923226382426e-02 1.275147272550158570e-02 4.567301270168747096e-01
-1.230000000000000260e-01 4.786300923226382426e-02 1.391406339649927520e-02 4.401935185208878942e-01
-1.300000000000000044e-01 4.786300923226382426e-02 1.519713781691022815e-02 4.401935185208878942e-01
-1.370000000000000107e-01 4.786300923226382426e-02 1.659581505749459576e-02 4.242556430717777660e-01
-1.440000000000000169e-01 4.786300923226382426e-02 1.810610197805483795e-02 4.242556430717777660e-01
-1.510000000000000231e-01 4.786300923226382426e-02 1.971023884405944185e-02 4.088948226294863986e-01
-1.580000000000000016e-01 4.786300923226382426e-02 2.139319716831115242e-02 4.088948226294863986e-01
-1.650000000000000078e-01 4.786300923226382426e-02 2.312605833308063741e-02 3.940901640403447481e-01
-1.720000000000000140e-01 4.786300923226382426e-02 2.488303082770406197e-02 3.940901640403447481e-01
-1.790000000000000202e-01 4.786300923226382426e-02 2.662871409478262744e-02 3.798215306190735885e-01
-1.860000000000000264e-01 4.786300923226382426e-02 2.833507092871532379e-02 3.798215306190735885e-01
-1.930000000000000326e-01 4.786300923226382426e-02 2.996463049550904603e-02 3.660695147596898513e-01
-2.000000000000000111e-01 4.786300923226382426e-02 3.150288163502651395e-02 3.660695147596898513e-01
-2.500000000000000139e-02 5.754399373371569398e-02 7.030250886421307924e-03 4.916903577628031208e-01
-3.200000000000000067e-02 5.754399373371569398e-02 7.256622244874433129e-03 4.916903577628031208e-01
-3.900000000000000688e-02 5.754399373371569398e-02 7.514796288802762757e-03 4.916903577628031208e-01
-4.600000000000000616e-02 5.754399373371569398e-02 7.810345477689368751e-03 4.738879609717651098e-01
-5.300000000000000544e-02 5.754399373371569398e-02 8.149971349863765341e-03 4.738879609717651098e-01
-6.000000000000000472e-02 5.754399373371569398e-02 8.539187379429742999e-03 4.738879609717651098e-01
-6.700000000000000400e-02 5.754399373371569398e-02 8.984537193530768573e-03 4.738879609717651098e-01
-7.400000000000001021e-02 5.754399373371569398e-02 9.492872343808226102e-03 4.738879609717651098e-01
-8.100000000000001643e-02 5.754399373371569398e-02 1.007125111214327365e-02 4.738879609717651098e-01
-8.800000000000002265e-02 5.754399373371569398e-02 1.072777227135837154e-02 4.567301270168747096e-01
-9.500000000000000111e-02 5.754399373371569398e-02 1.147146330412024753e-02 4.567301270168747096e-01
-1.020000000000000073e-01 5.754399373371569398e-02 1.230648495413606651e-02 4.567301270168747096e-01
-1.090000000000000135e-01 5.754399373371569398e-02 1.323840438908268670e-02 4.401935185208878942e-01
-1.160000000000000198e-01 5.754399373371569398e-02 1.427722990083472691e-02 4.401935185208878942e-01
-1.230000000000000260e-01 5.754399373371569398e-02 1.541928178527308090e-02 4.401935185208878942e-01
-1.300000000000000044e-01 5.754399373371569398e-02 1.666733061800751078e-02 4.242556430717777660e-01
-1.370000000000000107e-01 5.754399373371569398e-02 1.801751512352669712e-02 4.242556430717777660e-01
-1.440000000000000169e-01 5.754399373371569398e-02 1.945858620673957332e-02 4.088948226294863986e-01
-1.510000000000000231e-01 5.754399373371569398e-02 2.098308506523653694e-02 4.088948226294863986e-01
-1.580000000000000016e-01 5.754399373371569398e-02 2.256530176297814189e-02 3.940901640403447481e-01
-1.650000000000000078e-01 5.754399373371569398e-02 2.419322128423372076e-02 3.940901640403447481e-01
-1.720000000000000140e-01 5.754399373371569398e-02 2.582900998658600039e-02 3.940901640403447481e-01
-1.790000000000000202e-01 5.754399373371569398e-02 2.745907225239843652e-02 3.798215306190735885e-01
-1.860000000000000264e-01 5.754399373371569398e-02 2.904263186338604599e-02 3.798215306190735885e-01
-1.930000000000000326e-01 5.754399373371569398e-02 3.056169419101356644e-02 3.660695147596898513e-01
-2.000000000000000111e-01 5.754399373371569398e-02 3.199193599419364320e-02 3.660695147596898513e-01
-2.500000000000000139e-02 6.918309709189365830e-02 8.524176840753679846e-03 4.738879609717651098e-01
-3.200000000000000067e-02 6.918309709189365830e-02 8.766042282647304798e-03 4.738879609717651098e-01
-3.900000000000000688e-02 6.918309709189365830e-02 9.041143232470072455e-03 4.738879609717651098e-01
-4.600000000000000616e-02 6.918309709189365830e-02 9.354863820103023406e-03 4.738879609717651098e-01
-5.300000000000000544e-02 6.918309709189365830e-02 9.712757772754427102e-03 4.738879609717651098e-01
-6.000000000000000472e-02 6.918309709189365830e-02 1.012087080746247592e-02 4.567301270168747096e-01
-6.700000000000000400e-02 6.918309709189365830e-02 1.058648682640556116e-02 4.567301270168747096e-01
-7.400000000000001021e-02 6.918309709189365830e-02 1.111439955397239103e-02 4.567301270168747096e-01
-8.100000000000001643e-02 6.918309709189365830e-02 1.171060810997305406e-02 4.567301270168747096e-01
-8.800000000000002265e-02 6.918309709189365830e-02 1.238089822518669697e-02 4.567301270168747096e-01
-9.500000000000000111e-02 6.918309709189365830e-02 1.313159629082969772e-02 4.401935185208878942e-01
-1.020000000000000073e-01 6.918309709189365830e-02 1.397044381097677611e-02 4.401935185208878942e-01
-1.090000000000000135e-01 6.918309709189365830e-02 1.489773274046898507e-02 4.401935185208878942e-01
-1.160000000000000198e-01 6.918309709189365830e-02 1.591550731582390410e-02 4.242556430717777660e-01
-1.230000000000000260e-01 6.918309709189365830e-02 1.703080319815949289e-02 4.242556430717777660e-01
-1.300000000000000044e-01 6.918309709189365830e-02 1.823433876910478951e-02 4.242556430717777660e-01
-1.370000000000000107e-01 6.918309709189365830e-02 1.952402288687828461e-02 4.088948226294863986e-01
-1.440000000000000169e-01 6.918309709189365830e-02 2.089288137806962278e-02 4.088948226294863986e-01
-1.510000000000000231e-01 6.918309709189365830e-02 2.232210888094887657e-02 3.940901640403447481e-01
-1.580000000000000016e-01 6.918309709189365830e-02 2.380677321551171247e-02 3.940901640403447481e-01
-1.650000000000000078e-01 6.918309709189365830e-02 2.531538116734290134e-02 3.940901640403447481e-01
-1.720000000000000140e-01 6.918309709189365830e-02 2.683431912459400409e-02 3.798215306190735885e-01
-1.790000000000000202e-01 6.918309709189365830e-02 2.833628227250461692e-02 3.798215306190735885e-01
-1.860000000000000264e-01 6.918309709189365830e-02 2.979455474971122800e-02 3.660695147596898513e-01
-1.930000000000000326e-01 6.918309709189365830e-02 3.119822498231964239e-02 3.660695147596898513e-01
-2.000000000000000111e-01 6.918309709189365830e-02 3.251633446600946803e-02 3.660695147596898513e-01
-2.500000000000000139e-02 8.317637711026708291e-02 1.018654891432941613e-02 4.567301270168747096e-01
-3.200000000000000067e-02 8.317637711026708291e-02 1.044194048852075882e-02 4.567301270168747096e-01
-3.900000000000000688e-02 8.317637711026708291e-02 1.073152162197587786e-02 4.567301270168747096e-01
-4.600000000000000616e-02 8.317637711026708291e-02 1.106051698154262089e-02 4.567301270168747096e-01
-5.300000000000000544e-02 8.317637711026708291e-02 1.143417516032527344e-02 4.567301270168747096e-01
-6.000000000000000472e-02 8.317637711026708291e-02 1.185774984222973637e-02 4.567301270168747096e-01
-6.700000000000000400e-02 8.317637711026708291e-02 1.233645014631743614e-02 4.567301270168747096e-01
-7.400000000000001021e-02 8.317637711026708291e-02 1.287725564277528677e-02 4.401935185208878942e-01
-8.100000000000001643e-02 8.317637711026708291e-02 1.348456615861171916e-02 4.401935185208878942e-01
-8.800000000000002265e-02 8.317637711026708291e-02 1.416209200265504571e-02 4.401935185208878942e-01
-9.500000000000000111e-02 8.317637711026708291e-02 1.491367918969522741e-02 4.401935185208878942e-01
-1.020000000000000073e-01 8.317637711026708291e-02 1.574296482209429707e-02 4.242556430717777660e-01
-1.090000000000000135e-01 8.317637711026708291e-02 1.665637100975690676e-02 4.242556430717777660e-01
-1.160000000000000198e-01 8.317637711026708291e-02 1.764968041006060445e-02 4.242556430717777660e-01
-1.230000000000000260e-01 8.317637711026708291e-02 1.872105145787267277e-02 4.242556430717777660e-01
-1.300000000000000044e-01 8.317637711026708291e-02 1.987444839946491196e-02 4.088948226294863986e-01
-1.370000000000000107e-01 8.317637711026708291e-02 2.109690790584861989e-02 4.088948226294863986e-01
-1.440000000000000169e-01 8.317637711026708291e-02 2.237985290729542498e-02 3.940901640403447481e-01
-1.510000000000000231e-01 8.317637711026708291e-02 2.371875077505472551e-02 3.940901640403447481e-01
-1.580000000000000016e-01 8.317637711026708291e-02 2.508989667343353158e-02 3.940901640403447481e-01
-1.650000000000000078e-01 8.317637711026708291e-02 2.648231533662292331e-02 3.798215306190735885e-01
-1.720000000000000140e-01 8.317637711026708291e-02 2.787694529573817026e-02 3.798215306190735885e-01
-1.790000000000000202e-01 8.317637711026708291e-02 2.924809248638232662e-02 3.798215306190735885e-01
-1.860000000000000264e-01 8.317637711026708291e-02 3.058611208572943260e-02 3.660695147596898513e-01
-1.930000000000000326e-01 8.317637711026708291e-02 3.186639604945156606e-02 3.660695147596898513e-01
-2.000000000000000111e-01 8.317637711026708291e-02 3.307021428981222338e-02 3.660695147596898513e-01
-2.500000000000000139e-02 1.000000000000000056e-01 1.199398298570087881e-02 4.401935185208878942e-01
-3.200000000000000067e-02 1.000000000000000056e-01 1.226043773750048159e-02 4.401935185208878942e-01
-3.900000000000000688e-02 1.000000000000000056e-01 1.256146852243718824e-02 4.401935185208878942e-01
-4.600000000000000616e-02 1.000000000000000056e-01 1.290207866704957962e-02 4.401935185208878942e-01
-5.300000000000000544e-02 1.000000000000000056e-01 1.328715384924934392e-02 4.401935185208878942e-01
-6.000000000000000472e-02 1.000000000000000056e-01 1.372142745317232217e-02 4.401935185208878942e-01
-6.700000000000000400e-02 1.000000000000000056e-01 1.420941771341092605e-02 4.401935185208878942e-01
-7.400000000000001021e-02 1.000000000000000056e-01 1.475533397785748317e-02 4.401935185208878942e-01
-8.100000000000001643e-02 1.000000000000000056e-01 1.536388475528321744e-02 4.242556430717777660e-01
-8.800000000000002265e-02 1.000000000000000056e-01 1.604048520966983027e-02 4.242556430717777660e-01
-9.500000000000000111e-02 1.000000000000000056e-01 1.678522042760210997e-02 4.242556430717777660e-01
-1.020000000000000073e-01 1.000000000000000056e-01 1.759956886476914117e-02 4.242556430717777660e-01
-1.090000000000000135e-01 1.000000000000000056e-01 1.848375180306600918e-02 4.242556430717777660e-01
-1.160000000000000198e-01 1.000000000000000056e-01 1.944291304611597132e-02 4.088948226294863986e-01
-1.230000000000000260e-01 1.000000000000000056e-01 2.046927751496907880e-02 4.088948226294863986e-01
-1.300000000000000044e-01 1.000000000000000056e-01 2.155735326596957754e-02 4.088948226294863986e-01
-1.370000000000000107e-01 1.000000000000000056e-01 2.270577742470256469e-02 3.940901640403447481e-01
-1.440000000000000169e-01 1.000000000000000056e-01 2.390418499464559005e-02 3.940901640403447481e-01
-1.510000000000000231e-01 1.000000000000000056e-01 2.513766451225451712e-02 3.940901640403447481e-01
-1.580000000000000016e-01 1.000000000000000056e-01 2.639968802036657750e-02 3.798215306190735885e-01
-1.650000000000000078e-01 1.000000000000000056e-01 2.767362350236760374e-02 3.798215306190735885e-01
-1.720000000000000140e-01 1.000000000000000056e-01 2.893919553401483324e-02 3.798215306190735885e-01
-1.790000000000000202e-01 1.000000000000000056e-01 3.018673121270521245e-02 3.660695147596898513e-01
-1.860000000000000264e-01 1.000000000000000056e-01 3.139911521981038345e-02 3.660695147596898513e-01
-1.930000000000000326e-01 1.000000000000000056e-01 3.255645976521221591e-02 3.660695147596898513e-01
-2.000000000000000111e-01 1.000000000000000056e-01 3.364633989923028479e-02 3.528154115380883193e-01
